0	1604.1625938074737	0	58.29997148877845	0	6187.248582819555	10.76083502079736	0	1592.531239497908	0	70.27598679784762	0	4783.8918881776	12.650674536656668	0	1216.7913902794824	0	70.49391162829542	0	4016.5625579225916	9.847874227154849	0	1495.6095414853407	0	45.286249173499215	0	5280.664200127096	10.965740464276438	0	1462.9003221956543	0	48.01655770958861	0	4909.0342759942	14.860058040246045	0	1506.2524563380205	0	55.260746872937986	0	4534.5119136962685	13.489772636813154	0	1431.270953950241	0	69.41578785513468	0	4461.063867235196	9.473341004519366	0	1052.2829760160516	0	45.62647873662483	0	4375.739992721275	9.223727820366431	.41799181547592795	1.12212	.6234000000000001	.77925	.37404	.12468	.6234000000000001	2.5559399999999997	.03117
.02	1601.4409153479164	4452502816411839e-22	58.33425998260013	18187252662936141e-26	6161.2827249579705	10.76083502079736	0	1581.3226056090111	3591440951869788e-24	69.91100856173553	14192416300529746e-28	4803.557236826997	12.650674536656668	0	1226.1677282686028	19142684784653577e-27	70.48369459663901	7360467564956029e-30	4036.259330756498	9.847874227154849	0	1482.7459586214507	.00032432457253679756	46.03789290734713	13802191345011613e-23	5193.413700285021	10.966033642376164	0	1463.626325190481	30533060143162453e-22	47.951589496941125	12483993781776674e-25	4918.092651977662	14.860058040246045	0	1469.3682473038425	7913697919589706e-22	53.84332004740025	32353039216906505e-26	4428.872419352734	13.489772636813154	0	1431.5407159608133	5110917712571592e-22	69.30510951037456	20893163396982577e-26	4464.6775816187455	9.473415133138458	0	1028.2008347862475	24.425789335911308	45.615758706095654	.01077313826501971	4376.627214367266	9.223727820366431	.41799181547592795	1.12212	.6234000000000001	.77925	.3740300000000001	.12468	.6234000000000001	2.555919999999998	.03117
.04	1598.7204374077628	36128617191930103e-22	58.369507438385696	15517928911933639e-25	6135.4988852409515	10.76083502079736	0	1571.0093690904616	5873226389242837e-23	69.56934020509611	2429801015242665e-26	4821.808119937108	12.650674536656668	0	1235.0339684181472	6477288922327186e-25	70.46478753535641	26100181117507424e-29	4055.93715654307	9.847874227154849	0	1470.1421498080317	.0012911199308188385	46.72352542969241	5895318517654629e-22	5112.6848531505075	10.966326836153032	0	1463.9796937975198	2447774090146094e-20	47.90829883019266	10546959129146864e-24	4924.576591554461	14.860058040246045	0	1433.557323441063	6336834807723785e-21	52.47579306375459	27277959597237265e-25	4325.966708289464	13.489772636813154	0	1431.7498661705044	41225432360261645e-22	69.19829355933035	17735532374510883e-25	4467.8832077034385	9.47348926291766	0	1003.4601744036847	48.88836894877917	45.60562807524687	.02187793728048222	4376.800671863462	9.223727820366431	.41799181547592795	1.12212	.6234000000000001	.77925	.3740200000000001	.12468	.6234000000000001	2.555899999999998	.03117
.06	1596.000487129228	1235081147185428e-20	58.405545949944816	5696611616624768e-24	6109.907265747847	10.76083502079736	0	1561.5207695441152	2996016253146858e-22	69.24930632602349	12949186669181963e-26	4838.736938787355	12.650674536656668	0	1243.4247333227986	495491405374943e-23	70.43797785425471	20548787620939217e-28	4075.5619589266453	9.847874227154849	0	1457.8258906988322	.0028863972338029967	47.348486409494676	15052941331931358e-22	5037.993940049539	10.966620045608291	0	1463.9783359488954	82682457598261e-18	47.88433988989018	3850278127590805e-23	4928.7304791147035	14.860058040246045	0	1398.7877991698565	21376014470138927e-21	51.15613991217017	9909644200776904e-24	4225.753384139507	13.489772636813154	0	1431.8999667067123	1401160277377992e-20	69.09502780700359	6480380641713598e-24	4470.711822629463	9.473563393857004	0	978.1077406682957	73.21294290005562	45.59634979811553	.03296928269086874	4376.140112161016	9.223727820366431	.41799181547592795	1.12212	.6234000000000001	.77925	.3740100000000001	.12468	.6234000000000001	2.555879999999998	.03117
.08	1593.2805622705223	29616050757440086e-21	58.4422199863618	15248637732913244e-24	6084.5171399979745	10.76083502079736	0	1552.791036118737	9441978619524587e-22	68.94934452448187	4350631248276403e-25	4854.430149897815	12.650674536656668	0	1251.3722490414748	2035896896119092e-23	70.4039969090663	8771400206497027e-27	4095.1025384524087	9.847874227154849	0	1445.8200910406001	.005092026036245128	47.917726103319495	3261358993731572e-21	4968.889775995929	10.966913270743198	0	1463.640342070444	.00019598241378115515	47.87755743198357	10312834877099844e-23	4930.780583090734	14.860058040246045	0	1365.028881970104	50592860420746336e-21	49.8824273711164	26312608526713594e-24	4128.189178082683	13.489772636813154	0	1431.9926806741703	3341300531742276e-20	68.99502340703808	17278902733707262e-24	4473.192369952922	9.473637525956525	0	952.1977368611925	97.2678018499865	45.58784925349361	.044045790559368095	4374.575228088632	9.223727820366431	.41799181547592795	1.12212	.6234000000000001	.77925	.3740000000000001	.12468	.6234000000000001	2.5558599999999982	.03117
.1	1590.5603269088338	5847132481120505e-20	58.47938658509306	3504633467218629e-23	6059.336836310587	10.76083502079736	0	1544.7594590272608	230342804187074e-20	68.6680072118623	11638121546075492e-25	4868.968159959381	12.650674536656668	0	1258.906312021811	6112885239953576e-23	70.36351914627558	278487144542071e-25	4114.53061298049	9.847874227154849	0	1434.142902706169	.007886322976957481	48.43580054369594	6564518558898434e-21	4904.954267012597	10.967206511559016	0	1462.9838772177056	.00038247934631444123	47.88598835626098	2387541548264201e-22	4930.934797380746	14.860058040246045	0	1332.2509022945646	9857476018303491e-20	48.652817643602916	6011859715083501e-23	4033.2290552631116	13.489772636813154	0	1432.029760310417	6560878531233845e-20	68.89801511323144	3958156046343061e-23	4475.351624251977	9.473711659216242	0	925.7901566635868	120.94252501381652	45.580056770792254	.055107348560358795	4372.062212526833	9.223727820366431	.41799181547592795	1.12212	.6234000000000001	.77925	.37399000000000016	.12468	.6234000000000001	2.555839999999998	.03117
.12	1587.8396037016985	.00010208090052844111	58.51691535330686	7388007729819559e-23	6034.373735400935	10.76083502079736	0	1537.370383113518	4790052169418933e-21	68.40396167749114	2735654734228588e-24	4882.425311253969	12.650674536656668	0	1266.0542935789047	1514695539695363e-22	70.31716211889452	7457399988976699e-26	4133.820812719583	9.847874227154849	0	1422.8079219203091	.01124444275292332	48.906872906155364	12549542063174738e-21	4845.802468161879	10.967499768057	0	1462.0270595945037	.0006599356239507338	47.90786016146456	5097899378352923e-22	4929.382667642022	14.860058040246045	0	1300.4253294674122	.00016976932944186133	47.46556972559803	12618803359491333e-23	3940.8263687640633	13.489772636813154	0	1432.013032202127	.00011391709653847284	68.80376115692839	8319740394747039e-23	4477.214188619728	9.47378579363619	0	898.9508803687006	144.14206559736658	45.57290860460159	.066154110089387	4368.577924083719	9.223727820366431	.41799181547592795	1.12212	.6234000000000001	.77925	.3739800000000002	.12468	.6234000000000001	2.5558199999999984	.03117
.14	1585.118338126049	.00016368885585070982	58.55468639768677	14661791944587464e-23	6009.634423756278	10.76083502079736	0	1530.5723669110967	8913318079442115e-21	68.15597124196796	59201655529348336e-25	4894.870862688412	12.650674536656668	0	1272.8415450349041	32824608644033773e-23	70.26549588322487	179197799051679e-24	4152.950193592241	9.847874227154849	0	1411.8251887911365	.015139266239121964	49.33477994370932	2281713022607875e-20	4791.07719180389	10.967793040238407	0	1460.7878197971852	.0010456723168243704	47.94155761203161	10282836267173787e-22	4926.29844988863	14.860058040246045	0	1269.5246057819786	.0002684529270474454	46.31902520312482	2495238481003265e-22	3850.9333209958118	13.489772636813154	0	1431.9443668644794	.0001816727394940821	68.7120392261514	16464089746774421e-23	4478.802849515494	9.473859929216388	0	871.7508072286779	166.77927673542075	45.566346233425726	.07718613665404928	4364.111636948841	9.223727820366431	.41799181547592795	1.12212	.6234000000000001	.77925	.37397000000000025	.12468	.6234000000000001	2.5557999999999983	.03117
.16	1582.3965806365745	.0002466083998047327	58.59258938687278	27644058383251216e-23	5985.124762866233	10.76083502079736	0	1524.3178006457129	152788596437713e-19	67.92288674258354	12045853562207443e-24	4906.36943046382	12.650674536656668	0	1279.2915819531877	6436858556189895e-22	70.20904725808109	3983912438909155e-25	4171.898015109969	9.847874227154849	0	1401.2016788803417	.019541767747846935	49.72306234123323	3945419370812267e-20	4740.4465776343495	10.968086328104494	0	1459.2838150579648	.0015564920961910504	47.98560731602418	1973045261412938e-21	4921.842503906603	14.860058040246045	0	1239.5220777415498	.00039870509801969497	45.21160218253941	46875509100856885e-23	3763.5012115966074	13.489772636813154	0	1431.8256621409564	.00027221613112593925	68.62264462019077	30950105775885463e-23	4480.138737041579	9.473934065956868	0	844.2639556657913	188.77417418719273	45.56031579772872	.0882034742880618	4358.66246471172	9.223727820366431	.41799181547592795	1.12212	.6234000000000001	.77925	.37396000000000024	.12468	.6234000000000001	2.5557799999999986	.03117
.18	1579.674475644074	.00035421515606530983	58.63052305527558	4972628806375996e-22	5960.849925649504	10.76083502079736	0	1518.5627030009155	24590935146210556e-21	67.70364204798426	23276205902642995e-24	4916.981217749058	12.650674536656668	0	1285.4261823443983	11683005722682188e-22	70.14830208204626	8332377787793382e-25	4190.645621141442	9.847874227154849	0	1390.941600641337	.024421242766448827	50.07498104664785	6503518369577856e-20	4693.602818409774	10.968379631656523	0	1457.5323626740892	.0022086067726492372	48.03866924948828	36116442564125303e-22	4916.162038493729	14.860058040246045	0	1210.3919658346051	.0005643841932008309	44.14179242877615	8397220640520689e-22	3678.4806061703316	13.489772636813154	0	1431.6588317022276	.0003888850194915247	68.53538924963895	5549364691251071e-22	4481.24140933794	9.474008203857657	0	816.5666863031639	210.05407765034272	45.5547678151589	.09920617563629691	4352.238750156168	9.223727820366431	.41799181547592795	1.12212	.6234000000000001	.77925	.3739500000000002	.12468	.6234000000000001	2.5557599999999985	.03117
.2	1576.9522570672623	.0004899442877776394	58.66839497206288	8547467833649109e-22	5936.814413640597	10.76083502079736	0	1513.266627147869	3765273668473376e-20	67.49725196616454	4276234019732745e-23	4926.762122763887	12.650674536656668	0	1291.2654319454061	19920915487600945e-22	70.08370626227119	16415687253820782e-25	4209.176384819826	9.847874227154849	0	1381.0465158305242	.029745414115567886	50.39352475559395	.00010260503387463777	4650.261562077824	10.96867295089575	0	1455.5504198880917	.0030176136919820794	48.09953294813083	6310495609545872e-21	4909.391456005297	14.860058040246045	0	1182.1093492673779	.0007691199564927782	43.10815991906904	14368116018509113e-22	3595.8214017069167	13.489772636813154	0	1431.4458010078358	.0005350114696390968	68.45010118207566	9506591888616039e-22	4482.128892068859	9.47408234291878	0	788.7376745469089	230.55338111254514	45.549657077396134	.11019428368032194	4344.8578169260645	9.223727820366431	.41799181547592795	1.12212	.6234000000000001	.77925	.37394000000000027	.12468	.6234000000000001	2.555739999999999	.03117
.22	1574.2302252171617	.0006572761485033239	58.70612037955805	14107483179431142e-22	5913.022142918979	10.76083502079736	0	1508.3921871769605	55368287829258545e-21	67.30280171965995	7521045509338082e-23	4935.764281684961	12.650674536656668	0	1296.8279526343526	322989113277163e-20	70.01567105194148	30793744566935745e-25	4227.475431607743	9.847874227154849	0	1371.5159682789974	.0354809334850715	50.68144768242207	.00015565314456666862	4610.158909561018	10.968966285823434	0	1453.3544677591128	.003998372278409573	48.16709820378385	10576502932969305e-21	4901.654085799059	14.860058040246045	0	1154.6500878597228	.0010162728841779751	42.109333627396225	2359257894171271e-21	3515.473164346261	13.489772636813154	0	1431.1884853058903	.0007139062152682358	68.36662234323079	1563414943588875e-21	4482.817876749537	9.474156483140268	0	760.8561373703743	250.21330208088068	45.54494199916962	.12116787833861928	4336.544007796149	9.223727820366431	.41799181547592795	1.12212	.6234000000000001	.77925	.3739300000000003	.12468	.6234000000000001	2.555719999999999	.03117
.24	1571.508738543069	.0008597305237093561	58.7436217177509	22454291355990264e-22	5889.4764798812475	10.76083502079736	0	1503.904865641115	7874231974444125e-20	67.11944263750107	1272990860441872e-22	4944.036292423068	12.650674536656668	0	1302.1309949616807	5023957580605671e-21	69.94457520596916	5540841881996944e-24	4245.529526243133	9.847874227154849	0	1362.3477068343923	.04159361442773542	50.941284812900186	.00022803942921324167	4573.05017802137	10.969259636440833	0	1450.960485195087	.005164965797115138	48.240367409691764	17079959647579826e-21	4893.062890855103	14.860058040246045	0	1127.9907899388802	.0013089221235474922	41.144004420107244	3733461856763347e-21	3437.385248552958	13.489772636813154	0	1430.888783147973	.0009288535192244524	68.28480759749465	2478864781319678e-21	4483.323802296668	9.474230624522145	0	733.00146232366	268.98161390944944	45.54058441236704	.13212704058028185	4327.328064872238	9.223727820366431	.41799181547592795	1.12212	.6234000000000001	.77925	.3739200000000003	.12468	.6234000000000001	2.555699999999999	.03117
.26	1568.7882042304952	.0011008604449213022	58.780828083129485	34597536219321315e-22	5866.180282037609	10.76083502079736	0	1499.7727945836518	.00010888026999520705	66.94638725461446	20822882090390424e-23	4951.623469101422	12.650674536656668	0	1307.1905434008188	7547318808432768e-21	69.8707674343093	961677771050634e-23	4263.326943879362	9.847874227154849	0	1353.5379382517922	.048048672137718976	51.17536924256654	.0003239155119354721	4538.708494092773	10.969553002749208	0	1448.3839200387051	.006530660464369868	48.318436847255185	26681886727690177e-21	4883.721272544489	14.860058040246045	0	1102.1087765590391	.0016498540800143375	40.21092154424615	5715364066085192e-21	3361.5069345684306	13.489772636813154	0	1430.5485690553799	.0011831057060109676	68.20452370204384	38036927008085953e-22	4483.660947837337	9.474304767064439	0	705.2525026138777	286.81258753085467	45.53654929155827	.1430718518484152	4317.246392523012	9.223727820366431	.41799181547592795	1.12212	.6234000000000001	.77925	.37391000000000035	.12468	.6234000000000001	2.5556799999999993	.03117
.28	1566.0690726981773	.0013842484691539575	58.8176749087762	51769475404479775e-22	5843.135922191772	10.76083502079736	0	1495.9666261884095	.00014698833307806632	66.78290641568772	3300961869055361e-22	4958.5679924991455	12.650674536656668	0	1312.0213784975658	11005909600438538e-21	69.79456785195133	16139928311416766e-24	4280.857393863931	9.847874227154849	0	1345.081475076174	.05481088597771474	51.385842432686275	.00044765991774329487	4506.923961697927	10.969846384749816	0	1445.639673152373	.008107880883814597	48.40049154699842	40451253441196004e-21	4873.723546312856	14.860058040246045	0	1076.982060519413	.0020415548433403014	39.3088905500381	849150000118458e-20	3287.787509168144	13.489772636813154	0	1430.169689312616	.001479880052334308	68.1256486898503	5666716973057637e-21	4483.8424875946375	9.474378910767179	0	677.686995917544	303.6670331342697	45.532804588969704	.15400239680729602	4306.340534441325	9.223727820366431	.41799181547592795	1.12212	.6234000000000001	.77925	.37390000000000034	.12468	.6234000000000001	2.555659999999999	.03117
.3	1563.3518262038688	.0017134990814436472	58.85410329312144	7545579536476217e-21	5820.345339224209	10.76083502079736	0	1492.459261512199	.0001943733788518967	66.62832319753213	5086737366900356e-22	4964.909225970598	12.650674536656668	0	1316.637207177579	15643024614320963e-21	69.7162710209184	26277812369605353e-24	4298.1118598936655	9.847874227154849	0	1336.9720416572773	.06184492307456712	51.574675685515516	.0006037511737223622	4477.5019152333225	10.970139782443917	0	1442.7420675101482	.009908162149743537	48.485794536016726	59700783290063346e-21	4863.155939327431	14.860058040246045	0	1052.5893021426177	.0024861965910293483	38.43676890787668	12281293530702289e-21	3216.176432353452	13.489772636813154	0	1429.7539534409375	.0018223525078506933	68.04807057757064	8221266441947993e-21	4483.880606090791	9.47445305563039	0	650.3805948151706	319.5122551654347	45.52932090024451	.16491875771637066	4294.6561913222695	9.223727820366431	.41799181547592795	1.12212	.6234000000000001	.77925	.3738900000000004	.12468	.6234000000000001	2.5556399999999995	.03117
.32	1560.6369730020576	.0020922349663133636	58.89005961674065	10741346611712911e-21	5797.8100675471605	10.76083502079736	0	1489.225696470899	.00025244269903467766	66.48200944234259	764105268003456e-21	4970.683896414405	12.650674536656668	0	1321.0507365238814	21742737675250212e-21	69.63614768437655	4163600598358041e-23	4315.082508681237	9.847874227154849	0	1329.2024292781787	.06911554633481953	51.74368229129209	.0007966477871933409	4450.261918452124	10.97043319583277	0	1439.70484304237	.011942133217776176	48.57368083548943	8601162191829437e-20	4852.097158850143	14.860058040246045	0	1028.909784690287	.002985634410128832	37.59346344571756	17336840329783e-18	3146.6234237528097	13.489772636813154	0	1429.303130761362	.0022136556433264643	67.97168664085095	11646024484317851e-21	4483.786564116031	9.474527201654098	0	623.4061268279547	334.322137142429	45.526071268722376	.17582101936419248	4282.2425849343235	9.223727820366431	.41799181547592795	1.12212	.6234000000000001	.77925	.3738800000000004	.12468	.6234000000000001	2.55562	.03117
.34	1557.9250381346167	.002524091673028089	58.92549494700027	14969549790219629e-21	5775.531282780379	10.76083502079736	0	1486.2427823437458	.00032270374763311625	66.34338037007957	11219632074527815e-22	4975.92637536578	12.650674536656668	0	1325.273788545852	2963520168383889e-20	69.5544474616356	6442992878398885e-23	4331.762548093033	9.847874227154849	0	1321.7647416823702	.07658793618440085	51.894536412515315	.0010306270837534108	4425.0362099778495	10.970726624917635	0	1436.5411455779658	.01421949367194041	48.66354810803347	.00012126775495929221	4840.619275242724	14.860058040246045	0	1005.9233756831632	.0035414023477481505	36.77792637309762	23941799661046412e-21	3079.078597975857	13.489772636813154	0	1428.8189447193631	.002656875877959025	67.89640228591556	16145926679290048e-21	4483.570801169593	9.474601348838334	0	596.8326179759275	348.077082310853	45.52303088639865	.1867092709308933	4269.1514504193	9.223727820366431	.41799181547592795	1.12212	.6234000000000001	.77925	.3738700000000004	.12468	.6234000000000001	2.5555999999999996	.03117
.36	1555.2165719710458	.003012722880018026	58.96036558100404	20462751380353747e-21	5753.509760186363	10.76083502079736	0	1483.4894443566752	.0004067643665198215	66.21189949214448	1612345039104454e-21	4980.6684228018385	12.650674536656668	0	1329.3171953911622	39692041931607355e-21	69.47139638982365	9734760654288845e-23	4348.146356540969	9.847874227154849	0	1314.6501673196453	.08422740206574619	52.028755832254674	.0013099303441222216	4401.671120214254	10.97102006969977	0	1433.2635392854952	.016749039456222106	48.75486521660374	.00016762410828547692	4828.786916224882	14.860058040246045	0	983.6105621049059	.00415471889374232	35.989158889910044	32411655004161e-18	3013.492338889278	13.489772636813154	0	1428.3030783389686	.0031550566613379426	67.82213208141323	2195105020415068e-20	4483.2428420682845	9.474675497183123	0	570.726215934269	360.76401101125634	45.52017736874089	.19758360283324258	4255.4379307274285	9.223727820366431	.41799181547592795	1.12212	.6234000000000001	.77925	.3738600000000004	.12468	.6234000000000001	2.55558	.03117
.38	1552.5121217787398	.0035617844347905284	58.99463117421166	2748872322040601e-20	5731.746018540906	10.76083502079736	0	1480.9459295897668	.0005063318136293947	66.0870616796384	2273384698424355e-21	4984.940071159615	12.650674536656668	0	1333.191159611801	5234359484986552e-20	69.38720539207932	1441350235277652e-22	4364.229037165288	9.847874227154849	0	1307.8497365086535	.0920004053282526	52.1477612154489	.0016382314197019724	4380.022182463003	10.971313530180437	0	1429.8839810638062	.019538601257988814	48.84714293544532	.00022761667553764604	4816.660040788037	14.860058040246045	0	961.9523288864816	.004826479351608496	35.22619863197569	43088867174209385e-21	2949.815717240496	13.489772636813154	0	1427.7571574501815	.00371119133116025	67.7487962214723	2931910644901677e-20	4482.811619057485	9.474749646688494	0	545.147074201944	372.37617564591187	45.51748981889761	.2084441109255789	4241.157364859726	9.223727820366431	.41799181547592795	1.12212	.6234000000000001	.77925	.3738500000000004	.12468	.6234000000000001	2.55556	.03117
.4	1549.8122578520877	.004174949553158029	59.028256441481446	3634319005849462e-20	5710.240189536715	10.76083502079736	0	1478.5944909922807	.0006232136178155623	65.96840855539828	31481837318421237e-22	4988.768822048456	12.650674536656668	0	1336.9049264250623	6806367082495222e-20	69.30206257868326	20909895135866093e-23	4380.006823109962	9.847874227154849	0	1301.3536251919375	.09987363440262863	52.252822175209566	.002019118131584634	4359.958575481489	10.971607006360895	0	1426.413848765501	.022595108465592553	48.93996063414624	.0003040618636979094	4804.291416841449	14.860058040246045	0	940.930269341108	.005557266039149829	34.48813105067197	563461285436028e-19	2888.00010663907	13.489772636813154	0	1427.1827665142014	.004328230757601166	67.67632374634846	38532786656402904e-21	4482.285179076952	9.474823797354471	0	520.1522236759092	382.91325700392775	45.514949680079496	.2192908922786718	4226.36817464016	9.223727820366431	.41799181547592795	1.12212	.6234000000000001	.77925	.37384000000000045	.12468	.6234000000000001	2.5555399999999997	.03117
.42	1547.1175356048873	.0048558902147109026	59.061208572691584	47360734779231946e-21	5688.992217286847	10.76083502079736	0	1476.4183505668616	.0007593161255977632	65.85550511884686	4290243305358065e-21	4992.180868299691	12.650674536656668	0	1340.467279979401	8739538399942312e-20	69.21614493415603	29808393803712977e-23	4395.476462089699	9.847874227154849	0	1295.1521630733594	.10781543502129701	52.34513878652276	.002455362408736822	4341.356365992113	10.971900498242402	0	1422.8639289206442	.025924542777755345	49.032926118938114	.0004002049366870065	4791.730447299604	14.860058040246045	0	920.5264171047265	.006347353563571238	33.77407192117891	7257420354142025e-20	2827.9977391754537	13.489772636813154	0	1426.5814281729722	.005009079089712616	67.60464768452493	49901421344414046e-21	4481.671128841456	9.474897949181084	0	495.79150888867974	392.380727474589	45.512539453516055	.23012404715109389	4211.127286869027	9.223727820366431	.41799181547592795	1.12212	.6234000000000001	.77925	.37383000000000044	.12468	.6234000000000001	2.55552	.03117
.44	1544.4285202019423	.005608289596850122	59.09345890364242	6090776400896311e-20	5668.001729409778	10.76083502079736	0	1474.4023698998537	.0009166454818799704	65.74795486016922	57600200366004415e-22	4995.200303944238	12.650674536656668	0	1343.8862223736583	.00011093467918283417	69.12961076013767	41786223655236847e-23	4410.635614329104	9.847874227154849	0	1289.2351785212254	.11579488869502903	52.425788853333394	.0029493934031717493	4324.102877280684	10.972194005826218	0	1419.2444266839323	.029531972149782645	49.12570162450037	.000519622924876835	4779.02069580237	14.860058040246045	0	900.7233547337621	.007196706869730013	33.083178637361485	9218925577277585e-20	2769.7613442011593	13.489772636813154	0	1425.954616709395	.005756597145642562	67.53370819600995	6375974100432977e-20	4480.976347088045	9.47497210216836	0	472.1102230083598	400.7902452653572	45.51024352784452	.24094367781982823	4195.493082954304	9.223727820366431	.41799181547592795	1.12212	.6234000000000001	.77925	.37382000000000043	.12468	.6234000000000001	2.5555	.03117
.46	1541.7457641950186	.006435836849145698	59.12498122839253	7738980028942566e-20	5647.26816871475	10.76083502079736	0	1472.5323765098788	.0010973068319264782	65.64538451368341	7629602519618908e-21	4997.849924149218	12.650674536656668	0	1347.1692954131663	.00013935105186700046	69.04260729171885	5771116335274202e-22	4425.482451253183	9.847874227154849	0	1283.5925913507622	.12378276645839947	52.49578051066119	.003502869355409401	4308.092267575974	10.972487529113605	0	1415.5649979088917	.03342159301488553	49.21797811236148	.0006663083722130155	4766.20237580815	14.860058040246045	0	881.5041032193365	.008105013308809228	32.4146385148725	.00011561508373734172	2713.244473242558	13.489772636813154	0	1425.3037494207028	.006573610542160678	67.46344944748252	8046592323900046e-20	4480.2072755412	9.475046256316325	0	449.1469360363451	408.1585541433229	45.508047356577386	.2517498867426771	4179.52220625108	9.223727820366431	.41799181547592795	1.12212	.6234000000000001	.77925	.3738100000000005	.12468	.6234000000000001	2.55548	.03117
.48	1539.069813172138	.007342226506603652	59.15575228457879	972494744888385e-19	5626.790754855674	10.76083502079736	0	1470.7953565218786	.0013035045704174921	65.54744843804279	9981030616822223e-21	5000.150994469769	12.650674536656668	0	1350.3234888090317	.0001733803821212075	68.95526851146221	7860330804427257e-22	4440.015770757763	9.847874227154849	0	1278.2142639625997	.13175124496307253	52.55603729765142	.004116786741441655	4293.2268049812565	10.972781068105824	0	1411.8347266319638	.03759669546205973	49.309482493528435	.0008446488562083234	4753.3116375258915	14.860058040246045	0	862.8521539279727	.009071664458876031	31.767672244285592	.00014329149141210524	2658.401418806441	13.489772636813154	0	1424.6301875367678	.0074629039842848185	67.3938204954961	.00010040325601945858	4479.369835098645	9.475120411625008	0	426.9339824869792	414.508012999078	45.50593769017045	.2625427778384975	4163.27055657276	9.223727820366431	.41799181547592795	1.12212	.6234000000000001	.77925	.37380000000000047	.12468	.6234000000000001	2.55546	.03117
.5	1536.4012066461626	.008331170292967626	59.18575154115365	.00012096867308948376	5606.568502937709	10.76083502079736	0	1469.1793757408818	.0015375431414529053	65.45382673821283	12908878598654238e-21	5002.123353773797	12.650674536656668	0	1353.355276824373	.00021383401238410976	68.86771607664029	10570878679702196e-22	4454.234948078394	9.847874227154849	0	1273.0899758773783	.1396740271606996	52.60740371110484	.004791562423516701	4279.416301885372	10.973074622804134	0	1408.062189597042	.04205979026416018	49.39997523083273	.001059406302972349	4740.380863442286	14.860058040246045	0	844.7514528569033	.01009580714629479	31.141531990141658	.000175656849637772	2605.1871950223226	13.489772636813154	0	1423.935242314263	.008427241146206516	67.32477496796666	.00012397579251197314	4478.469462620716	9.475194568094436	0	405.49812334294677	419.86530991634146	45.5039024938222	.2733224533149463	4146.79267465517	9.223727820366431	.41799181547592795	1.12212	.6234000000000001	.77925	.37379000000000046	.12468	.6234000000000001	2.5554400000000004	.03117
.52	1533.74046755588	.00940638661999401	59.21496060773209	.00014907057890418382	5586.600268086043	10.76083502079736	0	1467.6733398644212	.0018018262534944397	65.3642199046402	16520539285551654e-21	5003.785692328196	12.650674536656668	0	1356.2707335665266	.000261601425995343	68.7800620049212	14049189062277041e-22	4468.139794499612	9.847874227154849	0	1268.2097036799366	.14752666720894575	52.65066436492276	.005526792649178741	4266.57657556358	10.973368193209796	0	1404.2554234742192	.046812537440298105	49.48924074806611	.0013157668945639384	4727.439551304484	14.860058040246045	0	827.1863631766661	.011176321377139567	30.535497607746592	.00021315307204037063	2553.5576945356756	13.489772636813154	0	1423.2201668049893	.009469354238079155	67.25626991702146	.00015161094317261116	4477.511212535724	9.475268725724634	0	384.8591625690688	424.26188132460095	45.50193064462011	.28408901494857464	4130.140806604285	9.223727820366431	.41799181547592795	1.12212	.6234000000000001	.77925	.3737800000000005	.12468	.6234000000000001	2.5554200000000002	.03117
.54	1531.0881125150584	.010571619248602879	59.243363685054234	.00018212146116549104	5566.88471237227	10.76083502079736	0	1466.267182088726	.002098859263635542	65.27835295362277	20937824326904397e-21	5005.155339604031	12.650674536656668	0	1359.0754421908637	.0003176530113708402	68.6924065923188	18469614151854663e-22	4481.730666922859	9.847874227154849	0	1263.5633495121785	.15528625020981446	52.686528561383646	.006321618663585368	4254.630626067103	10.973661779324068	0	1400.421983495085	.05185589094235346	49.57709530460524	.001619265305326299	4714.513623732927	14.860058040246045	0	810.1416914554019	.012311871126408283	29.948879264077966	.0002562136064873728	2503.4695296207287	13.489772636813154	0	1422.4861662159972	.010591966711538798	67.18826674117751	.00018375701775490383	4476.499678799253	9.475342884515632	0	365.0320328201368	427.7326567328146	45.50001217583425	.29484256198606074	4113.365711053875	9.223727820366431	.41799181547592795	1.12212	.6234000000000001	.77925	.3737700000000005	.12468	.6234000000000001	2.5554	.03117
.56	1528.4446400525399	.011830627258221739	59.270946813494746	.00022073229887142204	5547.420362594112	10.76083502079736	0	1464.9515598063329	.0024312478092060174	65.19596860714785	2629785468687848e-20	5006.248619984699	12.650674536656668	0	1361.7746402657542	.00038304570672948476	68.60484182603727	24035039183382736e-22	4495.008288075161	9.847874227154849	0	1259.1410523796594	.16293185130592142	52.7156543193613	.007174411378567906	4243.506667792171	10.973955381148217	0	1396.5689297835052	.05719004884741451	49.66337512142807	.0019758457672863564	4701.626547960698	14.860058040246045	0	793.6026400160409	.013500892639305886	29.381012442774534	.000305262811999801	2454.88020759569	13.489772636813154	0	1421.7343907063932	.011797785898347277	67.12072975666236	.00022088365946148006	4475.439124654565	9.475417044467454	0	346.0251284320846	430.31626840990174	45.49813790052217	.30558319110832605	4096.515238027221	9.223727820366431	.41799181547592795	1.12212	.6234000000000001	.77925	.3737600000000005	.12468	.6234000000000001	2.5553800000000004	.03117
.58	1525.8105364044063	.01318720101210143	59.29769810535995	.0002655647139710888	5528.205592928994	10.76083502079736	0	1463.7179543136522	.00280170122168516	65.11682948299917	3275534206051465e-20	5007.080740961977	12.650674536656668	0	1364.3731714402313	.00045892671615337176	68.51745027968053	3098404769693025e-21	4507.973804922339	9.847874227154849	0	1254.9330382906605	.17044424564319044	52.73863998926779	.008083125077370818	4233.138752471773	10.974248998683498	0	1392.7028611591898	.06281456707743661	49.7479406538433	.0023917859108724456	4688.798966582427	14.860058040246045	0	777.5548184174564	.014741634447868518	28.831259236576006	.0003607103402140027	2407.748036464429	13.489772636813154	0	1420.965941296266	.01308952209154645	67.05362668688882	.0002634840283478978	4474.333441253453	9.47549120558013	0	327.84223802937646	432.0538992468002	45.49629954158854	.31631099582100247	4079.6350968186152	9.223727820366431	.41799181547592795	1.12212	.6234000000000001	.77925	.3737500000000005	.12468	.6234000000000001	2.5553600000000003	.03117
.6	1523.1862704547318	.014645157976279712	59.323607365628675	.00031733002438905235	5509.238654821736	10.76083502079736	0	1462.5585181911517	.0032130311984730313	65.04071464101075	4048305148836531e-20	5007.665974347648	12.650674536656668	0	1366.875558321741	.0005465373062082733	68.43030683982677	3959145237494289e-21	4520.628697511581	9.847874227154849	0	1250.9297520420114	.17780619587844562	52.756036256720066	.009045100152641924	4223.465766306245	10.974542631931175	0	1388.829924586562	.06872835253826003	49.83067075583971	.0028737333326361637	4676.049263144117	14.860058040246045	0	761.9842197532787	.016032158956191898	28.2990057252039	.0004229461656892064	2362.0322010101613	13.489772636813154	0	1420.181868109658	.014469887150038361	66.98692795745825	.00031207237104891326	4473.186213685185	9.475565367853688	0	310.48156654573035	432.98930396211165	45.4944895462772	.3270260654503401	4062.7679172049593	9.223727820366431	.41799181547592795	1.12212	.6234000000000001	.77925	.3737400000000005	.12468	.6234000000000001	2.5553400000000006	.03117
.62	1520.5722940112964	.016208355028303752	59.34866599291342	.0003767994796831485	5490.51768453254	10.76083502079736	0	1461.4660422935478	.003668155877325019	64.96741879724073	496753812356889e-19	5008.017699189424	12.650674536656668	0	1369.2860178781575	.0006472192434281796	68.34347908996212	5017774541468973e-21	4532.974759136574	9.847874227154849	0	1247.1218552909183	.1850022896376158	52.768348301593846	.010057307779753968	4214.431197460004	10.974836280892509	0	1384.955835086835	.07492974838113409	49.91146171495179	.0034286345129200158	4663.393681202628	14.860058040246045	0	746.8772105749835	.01737037392776089	27.783661113440512	.0004923392553385799	2317.692749249183	13.489772636813154	0	1419.3831722498865	.01594161031032395	66.92060655143447	.0003671902433128004	4472.000736013736	9.475639531288152	0	293.9371054943907	433.16781918616925	45.49270104945976	.3377284852416434	4045.9536332263488	9.223727820366431	.41799181547592795	1.12212	.6234000000000001	.77925	.3737300000000005	.12468	.6234000000000001	2.5553200000000005	.03117
.64	1517.9690407152127	.017880688353502806	59.37286684176077	.00044480214521027436	5472.04071461744	10.76083502079736	0	1460.433900673196	.004170098853746702	64.89675105900454	6054842813854084e-20	5008.14846907078	12.650674536656668	0	1371.6084875088575	.0007624170761789932	68.25702794136424	631094128390325e-20	4545.0140628896515	9.847874227154849	0	1243.500253315521	.1920190879380348	52.77604003113311	.011116273114679954	4205.982763726958	10.975129945568762	0	1381.085892690773	.08141655278676228	49.990225263778996	.0040637539164821565	4650.846529925687	14.860058040246045	0	732.2205222973197	.018754041660661542	27.284656687081817	.0005692309504596241	2274.6906089455515	13.489772636813154	0	1418.5708067254186	.01750744049702656	66.85463776707748	.000429402918368931	4470.780035714527	9.475713695883552	0	278.1982726083885	432.63619947416265	45.490927809908044	.3484183352164207	4029.2289650539915	9.223727820366431	.41799181547592795	1.12212	.6234000000000001	.77925	.37372000000000055	.12468	.6234000000000001	2.555300000000001	.03117
.66	1515.3769262207202	.019666105392933907	59.39620410876559	.0005222372209186571	5453.805682509117	10.76083502079736	0	1459.4560125158462	.004721993922389688	64.8285340216573	7334462195035784e-20	5008.070061233299	12.650674536656668	0	1373.8466428430474	.0008936852373520256	68.17100807457977	7881083587976828e-21	4556.748938796681	9.847874227154849	0	1240.0560954702705	.1988449567526227	52.779536683357314	.012218255893910936	4198.072145883553	10.975423625961193	0	1377.2250039629732	.08818609665534245	50.066887451640945	.004786586547370262	4638.420321963772	14.860058040246045	0	718.0012402748368	.020180807085865917	26.8014448498031	.0006539358561912384	2232.987575344604	13.489772636813154	0	1417.7456784185179	.019170161635997968	66.78899904846679	.0004993077730272343	4469.526890953065	9.475787861639915	0	263.2510187665175	431.4418852018827	45.48916416750202	.35909569041496225	4012.627797898982	9.223727820366431	.41799181547592795	1.12212	.6234000000000001	.77925	.37371000000000054	.12468	.6234000000000001	2.5552800000000007	.03117
.68	1512.7963473389789	.02156860737756441	59.41867321068598	.0006100749950707412	5435.810440411508	10.76083502079736	0	1458.5267947862285	.005327085536990598	64.76260267771704	8833386612671968e-20	5007.793534693569	12.650674536656668	0	1376.0039201466407	.0010426911841326769	68.08546848159828	977678056253323e-20	4568.181945226963	9.847874227154849	0	1236.7807979867644	.20547013790903304	52.77922840775686	.01335924332673408	4190.6546673475295	10.975717322071066	0	1373.377696218829	.09523527271233377	50.14138696737369	.005604852497600112	4626.1259488679625	14.860058040246045	0	704.2067951821354	.021648210153745944	26.33349818715344	.0007467370580681316	2192.5463217492297	13.489772636813154	0	1416.9086488895994	.020932597502259422	66.72366977521962	.0005775334407616179	4468.243851568278	9.475862028557266	0	249.0778303914413	429.6327111922401	45.48740498816794	.36976062024612305	3996.180898319322	9.223727820366431	.41799181547592795	1.12212	.6234000000000001	.77925	.37370000000000053	.12468	.6234000000000001	2.5552600000000005	.03117
.7	1510.227684321616	.023592261885608583	59.44027080733253	.000709369693711104	5418.05275327253	10.76083502079736	0	1457.6411795730858	.00598873427139444	64.69880475968202	.00010581897129971241	5007.329214273445	12.650674536656668	0	1378.0835075791874	.001211221718872743	68.00045228311662	12054209934700136e-21	4579.315878897366	9.847874227154849	0	1233.66598843738	.21188651233694716	52.77546857204528	.014535099512496187	4183.689387608614	10.976011033899642	0	1369.548141081283	.10256060841581568	50.21367618578871	.006526386181860027	4613.972614568957	14.860058040246045	0	690.8249609986339	.02315371046382267	25.880309424356575	.0008478886146144265	2153.3303562232395	13.489772636813154	0	1416.0605375996624	.022797626748381445	66.65863135244666	.0006647493727087071	4466.933232625195	9.475936196635637	0	235.65872135656244	427.25649265625435	45.485645689554055	.3804131889249319	3979.9164895679287	9.223727820366431	.41799181547592795	1.12212	.6234000000000001	.77925	.3736900000000005	.12468	.6234000000000001	2.555240000000001	.03117
.72	1507.6712931253187	.02574119609993573	59.460994256675356	.0008212491761047377	5400.5303423417245	10.76083502079736	0	1456.7943907447855	.006710411113355235	64.63699570007047	.00012613113162228317	5006.686954823197	12.650674536656668	0	1380.0884519150857	.0014011853829011653	67.91599925428986	14775825239586735e-21	4590.153641385853	9.847874227154849	0	1230.7037062078396	.21808808266166185	52.76859115172358	.015741492724746224	4177.1376383560555	10.976304761448183	0	1365.7401636941772	.11015827738391734	50.28371248937279	.007559273345990259	4601.968663780861	14.860058040246045	0	677.843821489651	.024694700069956114	25.441387670526577	.0009576003763019438	2115.3041403596576	13.489772636813154	0	1415.2021187628827	.024768180899976837	66.59386618450641	.0007616531221306989	4465.59721085485	9.476010365875048	0	222.97068423233011	424.36007926648523	45.48388196950548	.39105345310676426	3963.8587831520686	9.223727820366431	.41799181547592795	1.12212	.6234000000000001	.77925	.3736800000000005	.12468	.6234000000000001	2.5552200000000007	.03117
.74	1505.1275141421584	.028019619563331356	59.480842040655986	.0009469429598208433	5383.240850525721	10.76083502079736	0	1455.982130609418	.007495710829878827	64.57704277524749	.0001496432421293773	5005.875926571517	12.650674536656668	0	1382.021568756303	.0016146207496551845	67.83214373023831	18014166844513005e-21	4600.698350422504	9.847874227154849	0	1227.8861827613364	.22407028925597086	52.75889580917008	.01697408544379398	4170.964220344228	10.976598504717954	0	1361.9572662706528	.11802418435215825	50.35146605371308	.008711568708801885	4590.120885513548	14.860058040246045	0	665.2517910227509	.026268524664722143	25.01626108501284	.0010760539554281264	2078.432942170547	13.489772636813154	0	1414.3341278608807	.02684726676007521	66.52935854271182	.0008689956935463665	4464.237745383927	9.476084536275533	0	210.9891209206782	420.9898056715203	45.48211003860203	.4016814646167647	3948.0298373785845	9.223727820366431	.41799181547592795	1.12212	.6234000000000001	.77925	.3736700000000005	.12468	.6234000000000001	2.5552000000000006	.03117
.76	1502.596673378351	.03043183356020086	59.49981374486536	.0010877929192922532	5366.181843663469	10.76083502079736	0	1455.2005782801612	.00834835668105167	64.51882503120771	.00017677513203165246	5004.904620428529	12.650674536656668	0	1383.8854429897435	.0018537021036002202	67.74891463342742	21853344448479114e-21	4610.953338774943	9.847874227154849	0	1225.2058147270852	.22982985745451665	52.74664780848851	.018228605810478735	4165.137378230422	10.976892263710212	0	1358.2026451288327	.12615401704906082	50.41692007551532	.00999120419305927	4578.4345168128875	14.860058040246045	0	653.037610349154	.027872501107544415	24.604476591024717	.0012034045500578733	2042.6828107660474	13.489772636813154	0	1413.4572637312529	.029037977789150096	66.46509456308307	.0009875896496808424	4462.856579161713	9.476158707837117	0	199.68837809281902	417.19129922748067	45.48032662120183	.41229727086361767	3932.449900350578	9.223727820366431	.41799181547592795	1.12212	.6234000000000001	.77925	.3736600000000005	.12468	.6234000000000001	2.5551800000000005	.03117
.78	1500.0790664239553	.03298220924698578	59.51790899178052	.0012452176383460367	5349.350896984062	10.76083502079736	0	1454.4459447782494	.009272181948746516	64.46222326959678	.00020797573709753297	5003.78137248427	12.650674536656668	0	1385.682641489113	.0021207376188447334	67.66634050444989	2638373711538065e-20	4620.921887819477	9.847874227154849	0	1222.6555729018423	.23536593106115025	52.732112655861336	.019500746611815736	4159.625889773856	10.977186038426222	0	1354.4792045808508	.13454324580134033	50.480053259625414	.01140639357895747	4566.914897520895	14.860058040246045	0	641.1902846139183	.029503937724554917	24.20559259111483	.0013397439052395786	2008.0208317124711	13.489772636813154	0	1412.5721815934448	.03134348115463108	66.401060210476	.0011182703254014783	4461.455430915164	9.476232880559825	0	189.04071406687044	413.0071323290709	45.478528414665725	.4229009087334782	3917.134081658082	9.223727820366431	.41799181547592795	1.12212	.6234000000000001	.77925	.37365000000000054	.12468	.6234000000000001	2.5551600000000003	.03117
.8	1497.5749769165936	.035675229263506025	59.535128480500745	.0014207743060867953	5332.745509536871	10.76083502079736	0	1453.714921912	.010271160492688213	64.40713007718611	.0002437553561074535	5002.513841148598	12.650674536656668	0	1387.4154979384623	.002418184221904426	67.5844444399115	3171164828496171e-20	4630.607496452907	9.847874227154849	0	1220.2285393819093	.240678591080575	52.71552079283815	.020786373256617644	4154.40197732682	10.977479828867246	0	1350.7895721777995	.14318721281051944	50.54085806921205	.012965009435041669	4555.565794522136	14.860058040246045	0	629.6991370000657	.0311601417034612	23.81918579884447	.0014851452104135132	1974.4148177045965	13.489772636813154	0	1411.6795038084833	.03376705345392811	66.33724333547273	.0012619562774505615	4460.03580269186	9.476307054443687	0	179.01808314071255	408.4791984055536	45.47671263971474	.4334924121863481	3902.096459108425	9.223727820366431	.41799181547592795	1.12212	.6234000000000001	.77925	.3736400000000005	.12468	.6234000000000001	2.55514	.03117
.82	1495.08467656438	.03851549549764809	59.55147390160754	.0016161690036778876	5316.363110419839	10.76083502079736	0	1453.0046540391425	.011349411387801631	64.35344915598898	.00028469156419340174	5001.109043329476	12.650674536656668	0	1389.0861260768174	.002748653713543515	67.50324441760618	3796111577713014e-20	4640.013864272729	9.847874227154849	0	1217.9179110319644	.24576876778963874	52.69706963836885	.022081561692816457	4149.441111742606	10.977773635034547	0	1347.1361125940539	.15208117172930755	50.59933988327683	.014674505495098952	4544.389503715409	14.860058040246045	0	618.5538005485212	.03283843253246228	23.444850536087205	.0016396646704180855	1941.8333008808531	13.489772636813154	0	1410.7798211025856	.03631209039596324	66.27363354554204	.0014196572873458738	4458.598992580159	9.47638122948873	0	169.59237600363176	403.6486106846175	45.47487700814563	.4440718126048095	3887.350220941836	9.223727820366431	.41799181547592795	1.12212	.6234000000000001	.77925	.3736300000000005	.12468	.6234000000000001	2.5551200000000005	.03117
.84	1492.6084062994007	.04150769967632232	59.56694666529064	.0018331991163876536	5300.201163676924	10.76083502079736	0	1452.3122019370398	.012511168877075915	64.30108325648956	.0003313960749098253	4999.573987500981	12.650674536656668	0	1390.6966758027595	.003114904949710279	67.42275937086981	4526349553289976e-20	4649.1445693443275	9.847874227154849	0	1215.7174737475814	.2506397056171973	52.676965122123846	.023382598583964503	4144.718494790404	10.978067456929386	0	1343.520957909504	.1612203256653407	50.65549587298704	.016542508620498737	4533.388849252653	14.860058040246045	0	607.7441468654645	.03453618555148398	23.082189977561686	.0018032853844951523	1910.245840588913	13.489772636813154	0	1409.873685584705	.038982090401885314	66.21021977544957	.0015924117556407882	4457.146326686865	9.47645540569498	0	160.73513492654146	398.55172073517946	45.47301907514027	.45463912954956526	3872.9034626009297	9.223727820366431	.41799181547592795	1.12212	.6234000000000001	.77925	.3736200000000005	.12468	.6234000000000001	2.5551000000000004	.03117
.86	1490.1463957908966	.04465666829604091	59.581549056440444	.0020738361492836747	5284.257071097905	10.76083502079736	0	1451.6350455801314	.01376082473580856	64.2499454258823	.00038456496080186233	4997.91508522731	12.650674536656668	0	1392.2490925838572	.0035198655036875384	67.34300349850082	5377360063993333e-20	4658.003370940335	9.847874227154849	0	1213.6211204504514	.25529530779017906	52.65538258871022	.024685948679644912	4140.212338513616	10.978361294553029	0	1339.946000027993	.17059984768756783	50.70933529959726	.018576066088887525	4522.565301369586	14.860058040246045	0	597.2603439171223	.03625080609706417	22.730823898471176	.001975979867760216	1879.6226893006337	13.489772636813154	0	1408.9616200505934	.04178068933159914	66.14699255830232	.0017813710000604381	4455.6789424317185	9.476529583062465	0	152.41799867763703	393.2243228493834	45.47113684957953	.46519438118988427	3858.7637764214564	9.223727820366431	.41799181547592795	1.12212	.6234000000000001	.77925	.3736100000000005	.12468	.6234000000000001	2.5550800000000002	.03117
.88	1487.6988619720096	.047967366825795194	59.59528406598831	.002340232870223778	5268.528185111708	10.76083502079736	0	1450.9710205212464	.01510293172806309	64.19995754604864	.0004449844937187714	4996.138228476686	12.650674536656668	0	1393.7451476834015	.003966637629170422	67.26398698710713	6367178622365989e-20	4666.594171652831	9.847874227154849	0	1211.6228927042937	.2597401870703038	52.63247169551623	.02598821648145112	4135.903440075317	10.978655147906737	0	1336.412902208987	.18021490522834993	50.76087721821081	.02078162534039591	4511.919209985053	14.860058040246045	0	587.0928433132254	.037979739145212285	22.390387431151368	.002157708556461346	1849.934809245139	13.489772636813154	0	1408.0441182367606	.04471166692248749	66.08394373175585	.0019878045643537353	4454.1978163873555	9.476603761591212	0	144.61264267115303	387.70149432740595	45.469228718150895	.47573758410803363	3844.938039348954	9.223727820366431	.41799181547592795	1.12212	.6234000000000001	.77925	.3736000000000005	.12468	.6234000000000001	2.55506	.03117
.9	1485.2659974043165	.051444885322744764	59.608154500737776	.002634671011438256	5253.011884442121	10.76083502079736	0	1450.3179403491188	.01654217407945174	64.15104181247222	.0005134910332136867	4994.249239494547	12.650674536656668	0	1395.1866179499589	.004458488034116217	67.18572031479351	7514975942586835e-20	4674.920788749898	9.847874227154849	0	1209.7172668806609	.2639805621311765	52.60838497465333	.02728657752002208	4131.7726818320725	10.978949016991775	0	1332.9231518465126	.19006079974987497	50.810135894291406	.02316543246793739	4501.451217273115	14.860058040246045	0	577.2323312125069	.03972054555173654	22.060524713291805	.0023483694883614003	1821.154067571827	13.489772636813154	0	1407.121643484429	.04777894586294986	66.02106476523778	.0022130396932653652	4452.703929053987	9.476677941281249	0	137.29258241513776	382.01303897337067	45.46729299637683	.48626874520129854	3831.429703703542	9.223727820366431	.41799181547592795	1.12212	.6234000000000001	.77925	.3735900000000005	.12468	.6234000000000001	2.5550400000000004	.03117
.92	1482.8479812916962	.055094465295964554	59.62016369128495	.00295963402149334	5237.705511520622	10.76083502079736	0	1449.6739120140858	.018083408555113797	64.103127790479	.0005910298654445919	4992.253498908338	12.650674536656668	0	1396.5751354153774	.004998872360655506	67.10821065385817	8843204324615039e-20	4682.987146147155	9.847874227154849	0	1207.8988923417724	.2680233236324824	52.583253950781966	.02857833542287832	4127.803107580722	10.979242901809403	0	1329.4780278387948	.20013286572100647	50.857133319733045	.02573306550632381	4491.161069877504	14.860058040246045	0	567.6697605894053	.04147083723914967	21.740893808985682	.0025478510012305264	1793.2530363904405	13.489772636813154	0	1406.1946315201465	.05098660792047585	65.95834814022217	.0024585403287962155	4451.1981276507095	9.476752122132602	0	130.43120258477188	376.1881579033759	45.46532830477537	.49678787022814297	3818.241460144146	9.223727820366431	.41799181547592795	1.12212	.6234000000000001	.77925	.37358000000000047	.12468	.6234000000000001	2.5550200000000003	.03117
.94	1480.4449779219872	.05892150347557216	59.63131532213053	.0033178120451408987	5222.606385647654	10.76083502079736	0	1449.0372707175388	.01973166772711408	64.05615091955077	.0006786618385626548	4990.156024712768	12.650674536656668	0	1397.9122182406768	.005591441321908995	67.03146260906935	.00010377885743329785	4690.797235588944	9.847874227154849	0	1206.1626344459225	.27187612511237064	52.557194099108486	.029860934179903	4123.979488166932	10.979536802360888	0	1326.0786122311188	.21042649061067759	50.90189681601335	.028489453434397467	4481.047858504564	14.860058040246045	0	558.3963387151917	.04322828526196324	21.431165455199448	.0027560285329438798	1766.2050114980575	13.489772636813154	0	1405.2634906784035	.05433889984334971	65.89578705085071	.002725911026775407	4449.681154597075	9.4768263041453	0	124.00166366940987	370.2551995379774	45.46333349141802	.5072949632990517	3805.3749017688556	9.223727820366431	.41799181547592795	1.12212	.6234000000000001	.77925	.3735700000000005	.12468	.6234000000000001	2.555	.03117
.96	1478.0571340998574	.06293155684082193	59.641613046256815	.003712075753003676	5207.711837705443	10.76083502079736	0	1448.4064190671068	.021492138568864422	64.01004884682912	.0007775231580581858	4987.961669968954	12.650674536656668	0	1399.1993465345877	.0062400309267959305	66.95548008897974	.00012146858285891895	4698.355017240252	9.847874227154849	0	1204.5036318624768	.275547417406998	52.53031635680114	.03113247793028865	4120.28722328493	10.979830718647491	0	1322.725854546645	.22093734179572225	50.94445341114955	.03143884865397906	4471.110623226088	14.860058040246045	0	549.4035051466099	.04499071860908646	21.131020016172926	.0029727368018910355	1739.9840586541666	13.489772636813154	0	1404.3286061953625	.057840250345903566	65.83337473416728	.0030168577776887224	4448.153719607861	9.47690048731937	0	117.98036742775139	364.2378638925161	45.46130744895275	.5177900227651223	3792.830211749638	9.223727820366431	.41799181547592795	1.12212	.6234000000000001	.77925	.3735600000000005	.12468	.6234000000000001	2.55498	.03117
.98	1475.684581813093	.0671303510951224	59.65106073582054	.004145522363806127	5193.019184869836	10.76083502079736	0	1447.7799446169006	.023370196538222573	63.9647640504172	.000888888003989831	4985.674980895245	12.650674536656668	0	1400.4379068670883	.0069486874331731565	66.88026492534469	.00014182509962218799	4705.664493691118	9.847874227154849	0	1202.9172444559385	.2790463829357078	52.50271879588905	.032391219094303356	4116.7131387745685	10.98012465067048	0	1319.4205282612495	.23166117907205763	50.984834067340344	.03458484946193855	4461.347903094108	14.860058040246045	0	540.6829398405408	.04675603594413818	20.840149410067003	.003197799626507843	1714.5649516006465	13.489772636813154	0	1403.3903377864176	.061495269347637896	65.77110493537893	.0033332465694622367	4446.6164470647445	9.476974671654837	0	112.34343097419071	358.15902734732725	45.45924924834412	.5282730456428661	3780.606448951529	9.223727820366431	.41799181547592795	1.12212	.6234000000000001	.77925	.3735500000000005	.12468	.6234000000000001	2.55496	.03117
1	1473.327437932364	.07152378673273815	59.65966238875637	.004621482550848131	5178.525737686656	10.76083502079736	0	1447.1565865593207	.025371410492113028	63.92024305489487	.0010141781353185375	4983.300238661071	12.650674536656668	0	1401.6292079777413	.007721674298828937	66.80581725158962	.000165222350937786	4712.729690122719	9.847874227154849	0	1201.3990639401252	.2823829614368619	52.4744890809927	.03363558799437928	4113.245258592784	10.980418598431111	0	1316.1632434600901	.24259388074508287	51.02307251526817	.037930429814398904	4451.757857609175	14.860058040246045	0	532.2265549958406	.04852221419616945	20.558256359678158	.003431028467203974	1689.9231707104436	13.489772636813154	0	1402.449020600021	.0653087559765818	65.70897175546344	.0036771100104497217	4445.069890868543	9.47704885715173	0	107.06677818745312	352.0405201604249	45.45715810063519	.5387440273597773	3768.701420524609	9.223727820366431	.41799181547592795	1.12212	.6234000000000001	.77925	.3735400000000005	.12468	.6234000000000001	2.5549399999999998	.03117
1.02	1470.9858047780258	.07611795165602721	59.66742192382197	.005143515545489972	5164.228818872734	10.76083502079736	0	1446.5351570650662	.027501526730783373	63.87643461605205	.0011549201764231862	4980.841560722745	12.650674536656668	0	1402.7745172882403	.008563462737192504	66.7321364512391	.0001920613142887338	4719.554604529987	9.847874227154849	0	1199.944896666246	.2855674026762933	52.44570969923409	.03486462123973596	4109.872244476202	10.980712561930654	0	1312.954506829522	.25373168156491205	51.059203214538	.04147750856548641	4442.33856269612	14.860058040246045	0	524.026481309025	.05028740700301253	20.285052591322337	.003672212166538102	1666.034893370985	13.489772636813154	0	1401.504970726377	.0692857206719617	65.64696934830476	.004050624561051852	4443.5145709667595	9.477123043810078	0	102.12962119331767	345.9005829514027	45.45503327183339	.5492029608160693	3757.1126280665235	9.223727820366431	.41799181547592795	1.12212	.6234000000000001	.77925	.3735300000000005	.12468	.6234000000000001	2.55492	.03117
1.04	1468.659770727845	.08091912472138033	59.67434332266997	.005715434233788175	5150.125748267249	10.76083502079736	0	1445.9146057959786	.02976649993729788	63.83329114447845	.0013128158722288223	4978.302820993825	12.650674536656668	0	1403.8750307795012	.009478757786288379	66.65922036737139	.00022280634979471303	4726.143249604372	9.847874227154849	0	1198.550758719471	.288610620160183	52.41645363913302	.03607755269954689	4106.583845705821	10.981006541170371	0	1309.794681818507	.26507097882968533	51.09326309210418	.04522740661579754	4433.087761035871	14.860058040246045	0	516.0750716934623	.05204985640062701	20.020259986220058	.003921131478230255	1642.876970347828	13.489772636813154	0	1400.5584820525444	.07343138174833713	65.58509215236893	.00445615555973556	4441.95094372404	9.477197231629905	0	97.51112330737499	339.756449275714	45.45287415436299	.5596498379679131	3745.8365061489594	9.223727820366431	.41799181547592795	1.12212	.6234000000000001	.77925	.37352000000000046	.12468	.6234000000000001	2.5549	.03117
1.06	1466.3494109410183	.08593378431013206	59.68043060375625	.006341313747179211	5136.213844475044	10.76083502079736	0	1445.2940144855338	.03217250030492406	63.79076854527267	.0014897556999632342	4975.687658837617	12.650674536656668	0	1404.9318753675832	.010472506463791862	66.58706536347793	.00025799223418840865	4732.499649676645	9.847874227154849	0	1197.2128609079477	.2915241400943929	52.386784683641956	.03727384433597364	4103.370853372009	10.981300536151528	0	1306.6840003114964	.27660836182444276	51.12529145170518	.0491808769398469	4424.002879420743	14.860058040246045	0	508.36489665260183	.05380790068906964	19.76361027638645	.004177560518942082	1620.4269073890814	13.489772636813154	0	1399.6098276533296	.07775117554469603	65.523334865012	.004896267235652778	4440.379404734652	9.47727142061124	0	93.19063441565406	333.6242211948765	45.45068026266293	.5700846500345904	3734.8685336475437	9.223727820366431	.41799181547592795	1.12212	.6234000000000001	.77925	.37351000000000045	.12468	.6234000000000001	2.55488	.03117
1.08	1464.0547864913203	.09116861656479686	59.68568753323924	.007025499916290017	5122.490448853068	10.76083502079736	0	1444.6724893478956	.034725897584062214	63.74882376786527	.0016877686422573294	4972.999613534286	12.650674536656668	0	1405.946159394412	.011549887082770612	66.51566760228532	.0002981923944147254	4738.627774183573	9.847874227154849	0	1195.9276318993473	.29431963348804563	52.35676510372206	.03845346136166995	4100.224358081196	10.981594546875387	0	1303.6226140350097	.2883408072336517	51.15532699982214	.053337425626455895	4415.081429703531	14.860058040246045	0	500.888725081945	.05556005876521578	19.514842786579898	.00444126163637926	1598.662875251162	13.489772636813154	0	1398.6592638170348	.08225077207028555	65.4616919926222	.005373706107464784	4438.800337381774	9.47734561075411	0	89.15001976494833	327.51741503000267	45.44845110995087	.5805073875616876	3724.204120053981	9.223727820366431	.41799181547592795	1.12212	.6234000000000001	.77925	.37350000000000044	.12468	.6234000000000001	2.5548599999999997	.03117
1.1	1461.7759464549986	.09663052385484337	59.69011787056304	.007772616388939023	5108.952903985467	10.76083502079736	0	1444.0492601999845	.037433293782463135	63.707416991740544	.0019091045770106736	4970.242004245704	12.650674536656668	0	1406.9189258673694	.012716338009440525	66.44502185448265	.00034406823887407764	4744.531599897385	9.847874227154849	0	1194.6916722875337	.29700927782597286	52.326448457821755	.03961661411588139	4097.136421124257	10.981888573343214	0	1300.610560225019	.3002653975751135	51.18341068777736	.057696040498755305	4406.320632553462	14.860058040246045	0	493.63953409561555	.05730495343233724	19.273706152728113	.0047119960743307494	1577.5636651411273	13.489772636813154	0	1397.7070281279744	.08693607882346428	65.40015825370783	.005891439868168922	4437.214068585757	9.477419802058542	0	85.37150059129677	321.4484884208188	45.446186324030286	.5909180412235688	3713.83796198478	9.223727820366431	.41799181547592795	1.12212	.6234000000000001	.77925	.37349000000000043	.12468	.6234000000000001	2.5548399999999996	.03117
1.12	1459.5129286085091	.10232663358949873	59.69372535478072	.008587570017285773	5095.5985544737005	10.76083502079736	0	1443.4236785152127	.040301531778602157	63.66651154458276	.0021562514377673914	4967.417934547635	12.650674536656668	0	1407.8511532282023	.013977566981191163	66.3751215153176	.000396379341303994	4750.215110135136	9.847874227154849	0	1193.5017408481835	.29960569513647484	52.295879646775084	.04076377954567802	4094.10005373959	10.982182615556274	0	1297.6477703064331	.31237924086603586	51.20958572108931	.062255229707032005	4397.717421367257	14.860058040246045	0	486.61050470412414	.05904131645680158	19.039958089973858	.004989526715678494	1557.1086701427062	13.489772636813154	0	1396.7533405739466	.0918132512929625	65.3387285670722	.006452667739113305	4435.620869978903	9.477493994524563	0	81.83785393536706	315.4287961121019	45.4438856464131	.6013166022596741	3703.7641988052887	9.223727820366431	.41799181547592795	1.12212	.6234000000000001	.77925	.3734800000000005	.12468	.6234000000000001	2.55482	.03117
1.14	1457.265757808628	.10826430220670566	59.696513350068535	.009475581371164665	5082.4247742121215	10.76083502079736	0	1442.7950922537757	.04333767798141783	63.626071066540334	.00243187729092808	4964.530447311722	12.650674536656668	0	1408.7438142956803	.015339538498014803	66.30596009196627	.0004559401404142711	4755.68221786483	9.847874227154849	0	1192.3547981070603	.302121579277842	52.26510412031777	.0418958480263647	4091.1083621732732	10.982476673515832	0	1294.734118542241	.32468000096867555	51.233893990067635	.06701223980792267	4389.268907823159	14.860058040246045	0	479.7949997595186	.06076805881184674	18.813362853159614	.005273613433739954	1537.2779063628536	13.489772636813154	0	1395.7984069807471	.0968887013259267	65.27739750992097	.007060812056636361	4434.02101391219	9.477568188152201	0	78.53360613753289	309.4679281295757	45.44154878699773	.6117030625182878	3693.976958190894	9.223727820366431	.41799181547592795	1.12212	.6234000000000001	.77925	.37347000000000047	.12468	.6234000000000001	2.5547999999999997	.03117
1.16	1455.0344483059114	.11445112710900324	59.698485147403744	.01044215807197079	5069.428943075933	10.76083502079736	0	1442.1629536920907	.046549057345415895	63.586061883482955	.0027389234985857663	4961.582394195372	12.650674536656668	0	1409.5978253611263	.01680850576786427	66.23752989666617	.0005236857857393763	4760.936833151894	9.847874227154849	0	1191.2479534880113	.30457000123674927	52.234159883655586	.04301398793660254	4088.1552762757788	10.98277074722315	0	1291.869387133613	.33716543505806396	51.25637913368835	.07196388642206522	4380.971973854908	14.860058040246045	0	473.1865755939718	.06248420480450295	18.593693122948025	.005564022792533867	1518.0519657022583	13.489772636813154	0	1394.842417141504	.10216910777274127	65.21615977353258	.007719544611999456	4432.4147254259115	9.477642382941482	0	75.44389024857291	303.574464245148	45.43917555046613	.6220774152346239	3684.469955813527	9.223727820366431	.41799181547592795	1.12212	.6234000000000001	.77925	.37346000000000046	.12468	.6234000000000001	2.5547799999999996	.03117
1.18	1452.8190039501092	.12089495466002066	59.69964394022681	.01149309046348625	5056.608449179963	10.76083502079736	0	1441.5268089118	.049943262721414645	63.546452734156254	.003080624256487829	4958.576449811823	12.650674536656668	0	1410.41405111103	.01839102105104375	66.16982215405116	.0006006863138705238	4765.982857389968	9.847874227154849	0	1190.1784642096973	.30696438370647827	52.2030782484618	.044119658745168135	4085.2354752479937	10.983064836679494	0	1289.0532719468883	.34983346012707006	51.27708619515257	.07710658768388136	4372.823307248851	14.860058040246045	0	466.7789766611001	.064188893950963	18.380729661190518	.005860530364219536	1499.412005145252	13.489772636813154	0	1393.8855454294373	.10766142637927532	65.15501011298475	.00843279334565697	4430.802186979051	9.477716578892437	0	72.55451060892514	297.7559685981339	45.43676582435374	.6324396554270977	3675.2365556322598	9.223727820366431	.41799181547592795	1.12212	.6234000000000001	.77925	.37345000000000045	.12468	.6234000000000001	2.5547599999999995	.03117
1.2	1450.619418099135	.1276038846272667	59.699992513586984	.012634528376174564	5043.960709194349	10.76083502079736	0	1440.886209343655	.053528138125558074	63.50721275894389	.003460446830885478	4955.515223873962	12.650674536656668	0	1411.1933459672885	.02009392159887471	66.10282808938898	.0006880895072639349	4770.824128368597	9.847874227154849	0	1189.1437407737624	.3093181227618371	52.1718902586236	.04521467083573707	4082.3437704431485	10.983358941886133	0	1286.2854328977685	.3626823228558815	51.29605942134874	.0824356565520217	4364.819730115369	14.860058040246045	0	460.5661178369478	.0658814411913216	18.174259328377286	.006162919124393626	1481.3397423691513	13.489772636813154	0	1392.927955136219	.11337289518542808	65.09394295652001	.009204755848687886	4429.18357873291	9.477790776005088	0	69.85259788312169	292.01888492703523	45.43431947918704	.6427897801297607	3666.2703296628374	9.223727820366431	.41799181547592795	1.12212	.6234000000000001	.77925	.37344000000000044	.12468	.6234000000000001	2.55474	.03117
1.22	1448.4356742174348	.13458628263702835	59.69953351473727	.013872890958610835	5031.48315229647	10.76083502079736	0	1440.2407807334785	.0573118140671961	63.4683130015577	.0038821877364017725	4952.401175689439	12.650674536656668	0	1411.9365218447042	.02192436428129943	66.03653803817883	.000787206457992958	4775.464464527593	9.847874227154849	0	1188.1413364648104	.31164493120081316	52.140621659510025	.046301133400522165	4079.4755833428867	10.983653062844327	0	1283.5654558178965	.3757106718182561	51.313343815057614	.08794610107175231	4356.9579361482565	14.860058040246045	0	454.5420917376071	.06756127900420265	17.97407639906807	.006470985470717028	1463.8174374510784	13.489772636813154	0	1391.969795489726	.1193110482367821	65.03295270658217	.01003989604356643	4427.559047111724	9.477864974279468	0	67.32591087882577	286.3687491462429	45.43183644658426	.6531277888940302	3657.5645648531286	9.223727820366431	.41799181547592795	1.12212	.6234000000000001	.77925	.37343000000000043	.12468	.6234000000000001	2.5547199999999997	.03117
1.24	1446.2677459179067	.14185078907912096	59.69826943974614	.015214846826485363	5019.173222736855	10.76083502079736	0	1439.590210574584	.06130271765697592	63.42972609120923	.0043499930014489555	4949.236630535373	12.650674536656668	0	1412.6443540824564	.02388983696826155	65.97094157074697	.0008995308472276879	4779.907657998366	9.847874227154849	0	1187.1689499686927	.31395884212475844	52.10929382174549	.047381463462064614	4076.62685879567	10.983947199555345	0	1280.8928569866728	.38891778603090355	51.328984659416946	.09363269655660554	4349.234534075332	14.860058040246045	0	448.70116337656214	.06922795752818427	17.7799822018276	.006784540946876521	1446.8278851679654	13.489772636813154	0	1391.0112020958188	.1254837255207723	64.9720336861677	.010942943784157324	4425.928710371912	9.4779391737156	0	64.96280990192388	280.81020299404025	45.42931670465313	.6634536841029701	3649.112251441891	9.223727820366431	.41799181547592795	1.12212	.6234000000000001	.77925	.3734200000000004	.12468	.6234000000000001	2.5546999999999995	.03117
1.26	1444.115598559645	.14940632136217247	59.69620236091486	.016667463701324152	5007.028391376636	10.76083502079736	0	1438.9342047725238	.06550955776140487	63.39142523877879	.004868306799483165	4946.023838804913	12.650674536656668	0	1413.3176012203937	.025998143681517396	65.90602808663635	.0010266656673860906	4784.1574469141515	9.847874227154849	0	1186.2243900991725	.3162737830995106	52.077926727274566	.04845839001512917	4073.7937431339833	10.984241352020453	0	1278.2671319315264	.40230292587312394	51.34302702185278	.09948931424680792	4341.6462067862985	14.860058040246045	0	443.03775741799734	.07088119456466671	17.591783837950317	.007103415412933158	1430.3543812482114	13.489772636813154	0	1390.0523019271595	.1318990767833235	64.91117991987822	.011918946858114671	4424.292679366482	9.478013374313512	0	62.75274331071461	275.3472387367275	45.42676023310537	.6737674716396848	3640.906818400293	9.223727820366431	.41799181547592795	1.12212	.6234000000000001	.77925	.37341000000000046	.12468	.6234000000000001	2.5546799999999994	.03117
1.28	1441.9791883787525	.15726209024079096	59.693334198470644	.018238024333256844	4995.046146956735	10.76083502079736	0	1438.2725187597382	.06994135986475547	63.353384897588484	.005441957538870957	4942.764934837518	12.650674536656668	0	1413.9569908553817	.028257441352215723	65.84178632881961	.001170431654056566	4788.217536791112	9.847874227154849	0	1185.3055999443611	.31860397151958947	52.046536819136826	.04953495605514245	4070.9728146221164	10.984535520240915	0	1275.6877187301209	.41586585972228113	51.35551587475978	.10550968661705377	4334.189591124499	14.860058040246045	0	437.5464617902633	.07252082713715569	17.40929492475885	.007427458419160122	1414.380730238017	13.489772636813154	0	1389.0932097601635	.13856557791435592	64.85038530768439	.01297321834296095	4422.651042477756	9.478087576073232	0	60.685711361123644	269.9830751936621	45.42416704521802	.684069160976867	3632.941470252095	9.223727820366431	.41799181547592795	1.12212	.6234000000000001	.77925	.37340000000000045	.12468	.6234000000000001	2.5546599999999993	.03117
1.3	1439.8584627473494	.1654276103928749	59.689666744554984	.019933985937120126	4983.22399734881	10.76083502079736	0	1437.604951559353	.07460747740315038	63.31558059785831	.006076175798056801	4939.461945429546	12.650674536656668	0	1414.5632224063381	.030676252369561563	65.77820442695588	.0013328928332787472	4792.091597537383	9.847874227154849	0	1184.4106534604105	.3209639200293374	52.01513741255968	.05061452658390008	4068.16104005478	10.984829704217995	0	1273.1540027393517	.4296067268463169	51.36649587730485	.11168747503770897	4326.861296927078	14.860058040246045	0	432.2220234951934	.07414681131761773	17.232335351598213	.00775654102229118	1398.8912346880397	13.489772636813154	0	1388.1340287141536	.14549204195620383	64.78964361304831	.014111325277569198	4421.003868329616	9.478161778994787	0	58.752238640330624	264.72018248972404	45.42153718134471	.6943587655131477	3625.2091848348596	9.223727820366431	.41799181547592795	1.12212	.6234000000000001	.77925	.37339000000000044	.12468	.6234000000000001	2.554639999999999	.03117
1.32	1437.7533619962935	.17391269668921858	59.685201332721554	.021763222708414447	4971.559478054142	10.76083502079736	0	1436.9313162558642	.0795175778404639	63.277988237206706	.006776566710667498	4936.116832046571	12.650674536656668	0	1415.1369804081428	.033263449197522936	65.71527034989869	.0015162651887892999	4795.7832445293725	9.847874227154849	0	1183.5377173747836	.3233680344483256	51.98374069299692	.05170075857717673	4065.3555482712763	10.985123903952964	0	1270.6653572384741	.4435261456765032	51.37601121282514	.11801574606189702	4319.658012750969	14.860058040246045	0	427.05933657924254	.07575925894325303	17.060730235120023	.008090561720409522	1383.8706551965208	13.489772636813154	0	1387.1748547087325	.15268761922939078	64.72894824961375	.015339195079429671	4419.351220267548	9.478235983078205	0	56.943673539144555	259.5606967312109	45.418870679695985	.7046363034171834	3617.7034301154363	9.223727820366431	.41799181547592795	1.12212	.6234000000000001	.77925	.37338000000000043	.12468	.6234000000000001	2.5546199999999994	.03117
1.34	1435.6638184729013	.18272748707157316	59.679939207391705	.023733725040887575	4960.0501452014105	10.76083502079736	0	1436.2514635969308	.08468167823107789	63.24058459730345	.0075491657658254075	4932.7314589882635	12.650674536656668	0	1415.6789238642405	.036028293123687764	65.65297148272707	.0017230502948859371	4799.296055057218	9.847874227154849	0	1182.685074108927	.3258309834825988	51.95235607480453	.05279763672608094	4062.553807240954	10.985418119447083	0	1268.2211135712064	.45762502719345843	51.38410567997314	.12448751583137381	4312.576415698775	14.860058040246045	0	422.0534460393709	.07735840179856258	16.894310541591462	.008429445457407758	1369.3042221682072	13.489772636813154	0	1386.2157733974298	.1601618186751414	64.66829249256601	.01666299378925664	4417.693144810679	9.478310188323512	0	55.25186301699002	254.50612663615524	45.416167600082744	.7149017976229176	3610.41754333	9.223727820366431	.41799181547592795	1.12212	.6234000000000001	.77925	.3733700000000004	.12468	.6234000000000001	2.5545999999999993	.03117
1.36	1433.5897569719718	.1918824537743943	59.67388158874425	.02585353343398604	4948.693575560109	10.76083502079736	0	1435.565282141517	.09011015800739047	63.20334732483638	.008400448533405012	4929.307594612797	12.650674536656668	0	1416.1896861156588	.03898044810077264	65.59129459374294	.0019560678904377007	4802.633569009929	9.847874227154849	0	1181.8511137621035	.3283676972168628	51.92099014501336	.053909481611833635	4059.753620943307	10.98571235070162	0	1265.8205650805269	.4719044643029754	51.39082279087399	.13109572852664858	4305.6131679226955	14.860058040246045	0	417.19954461383116	.07894459151712986	16.732912951389252	.008773145820115241	1355.1776224095292	13.489772636813154	0	1385.256860726053	.1679245202245277	64.6076695109009	.01808909850353961	4416.029671711773	9.478384394730737	0	53.669159722421796	249.55737765746804	45.41342802470222	.7251552762530473	3603.3447620972656	9.223727820366431	.41799181547592795	1.12212	.6234000000000001	.77925	.3733600000000004	.12468	.6234000000000001	2.554579999999999	.03117
1.38	1431.5310959473177	.20138839558158694	59.667029223559446	.028131083957917868	4937.487375948902	10.76083502079736	0	1434.872661851084	.09581374455078817	63.16625402788111	.009337350960082489	4925.846960771545	12.650674536656668	0	1416.669891564741	.04212996477423051	65.5302263780983	.0022183465360543515	4805.799266306695	9.847874227154849	0	1181.0343135135176	.33099305882231	51.88964926854641	.055040901842914075	4056.9528636790396	10.986006597717845	0	1263.4629999298384	.486366222079721	51.39620482045324	.13783319368559546	4298.765046434726	14.860058040246045	0	412.49295920417507	.0805183222088041	16.576378737650977	.009121651024304393	1341.4769672903246	13.489772636813154	0	1384.298186438457	.17598596968769448	64.54707204601424	.019624274796199874	4414.3608310560485	9.478458602299906	0	52.18844327843456	244.71522698983887	45.410652019382454	.7353967732335027	3596.4787243205333	9.223727820366431	.41799181547592795	1.12212	.6234000000000001	.77925	.3733500000000004	.12468	.6234000000000001	2.554559999999999	.03117
1.4	1429.487747069693	.21125646475086268	59.659382897808094	.030574781611931154	4926.429175114736	10.76083502079736	0	1434.1735249522935	.1018035506627006	63.12928301198099	.01036726360339155	4922.351192991807	12.650674536656668	0	1417.1201414533284	.04548732131862597	65.46975293139182	.002513281910929626	4808.796587311368	9.847874227154849	0	1180.2332457688863	.3337221904716423	51.85833732641407	.056196846127162185	4054.1497004655525	10.98630086049702	0	1261.147676950893	.5010123052869558	51.40029362987368	.14469272046029524	4292.028827381882	14.860058040246045	0	407.9291565530783	.08208020764733345	16.42455449152072	.009474982884508404	1328.188798266354	13.489772636813154	0	1383.3398117335282	.18435680622596068	64.48649274995562	.02127546553964009	4412.686638839612	9.478532811031045	0	50.80307011022336	239.9799586397455	45.40783966692784	.7456263285571259	3589.8130498797864	9.223727820366431	.41799181547592795	1.12212	.6234000000000001	.77925	.3733400000000004	.12468	.6234000000000001	2.554539999999999	.03117
1.42	1427.4596155732775	.22149817823611825	59.65094352891839	.03319290812925284	4915.516623582564	10.76083502079736	0	1433.4678264029121	.10809108862376678	63.09241328853703	.011498023454753818	4918.821841085825	12.650674536656668	0	1417.5410136074715	.04906343862975251	65.40985970538384	.002844676060313668	4811.628933774503	9.847874227154849	0	1179.4465721733002	.33657045435745836	51.82705564730644	.057382609938147	4051.342587226487	10.986595139040412	0	1258.8738279492368	.5158449907081548	51.40313072849748	.1516671295407751	4285.401281357342	14.860058040246045	0	403.5037402349161	.08363098096382872	16.277292007799772	.009833199076368796	1315.3000749574883	13.489772636813154	0	1382.381789651199	.19304807578334798	64.4259242401291	.02304974133064355	4411.007096824107	9.478607020924184	0	49.50689163700579	235.3513774716772	45.40499106796321	.7558439887657333	3583.341372729958	9.223727820366431	.41799181547592795	1.12212	.6234000000000001	.77925	.3733300000000004	.12468	.6234000000000001	2.5545199999999992	.03117
1.44	1425.4466012360895	.23212540988180327	59.64171162454266	.03599405907678327	4904.74740291132	10.76083502079736	0	1432.755516933642	.11468825510865296	63.05562357963951	.012738018332111804	4915.260418737507	12.650674536656668	0	1417.9330795102112	.05286966374095419	65.35053206850678	.0032166147260103087	4814.299646211562	9.847874227154849	0	1178.6730295513046	.33955323653046293	51.79580568672477	.05860378831364336	4048.5300044886535	10.98688943334929	0	1256.6406867688877	.530867041847931	51.40475607126896	.15874938602855418	4278.879304681604	14.860058040246045	0	399.21243684046857	.08517150597431934	16.134447179303514	.01019639845713176	1302.7981463317512	13.489772636813154	0	1381.4241681160713	.20207122167682776	64.36535868665756	.024954563775413493	4409.322209693972	9.478681231979348	0	48.294062837868566	230.82929433412514	45.40210630113059	.7660498072134431	3577.0576383393286	9.223727820366431	.41799181547592795	1.12212	.6234000000000001	.77925	.37332000000000043	.12468	.6234000000000001	2.554499999999999	.03117
1.46	1423.4485979984902	.24315041819462777	59.6316878993188	.038986610372774545	4894.119217896848	10.76083502079736	0	1432.0365729562245	.12160737052280052	63.018893136912936	.014096074689639004	4911.668365016934	12.650674536656668	0	1418.2968904827842	.056917812764069334	65.29175477374152	.003633643611021656	4816.812023538972	9.847874227154849	0	1177.9114355544734	.3426861449964051	51.76458682583896	.05986632218007608	4045.71066993764	10.98718374342492	0	1254.447467278739	.5460815765189246	51.40520903953914	.16593255710216584	4272.45980790142	14.860058040246045	0	395.05110194864943	.0867027644985321	15.995880702765648	.010564720361564106	1290.6707562196943	13.489772636813154	0	1380.4669878317682	.21143811705496496	64.30478825326887	.026997468798277	4407.631971151086	9.478755444196567	0	47.15918032448648	226.41313891953405	45.39918545533691	.7762438446607353	3570.955851489764	9.223727820366431	.41799181547592795	1.12212	.6234000000000001	.77925	.3733100000000004	.12468	.6234000000000001	2.554479999999999	.03117
1.48	1421.4654941308372	.254585858220022	59.62087337861268	.042178609263721106	4883.629796786984	10.76083502079736	0	1431.310994669135	.12886119411351452	62.982201730365745	.015581418051744239	4908.047047535437	12.650674536656668	0	1418.632978582399	.06122018743139335	65.23351193602421	.004100811677019113	4819.169322647784	9.847874227154849	0	1177.1606869396817	.34598500574057456	51.73339650303724	.0611764979887493	4042.883524279181	10.987478069268569	0	1252.293364421435	.5614921519573071	51.404528387714535	.17320983428861825	4266.139719992974	14.860058040246045	0	391.01571703376624	.08822585565916932	15.861457943426343	.010938346551675275	1278.9060345426406	13.489772636813154	0	1379.5102824713795	.22116107911892344	64.24420516517986	.029185991915921604	4405.936364729425	9.478829657575865	0	46.09728341333434	222.1019658458112	45.39622862745	.7864261697539392	3565.0300835947833	9.223727820366431	.41799181547592795	1.12212	.6234000000000001	.77925	.3733000000000004	.12468	.6234000000000001	2.554459999999999	.03117
1.5	1419.4971735278925	.26644477412501866	59.6092688458169	.04557825170069951	4873.276898171617	10.76083502079736	0	1430.5787805168784	.136462908985843	62.94552878129759	.017203908864439083	4904.39779836681	12.650674536656668	0	1418.941868266302	.06578955807862455	65.17578746239654	.004623548464978812	4821.374742798192	9.847874227154849	0	1176.419737766076	.3494657452733984	51.70223199558175	.06254092871366404	4040.0475408434886	10.987772410881504	0	1250.1775813803097	.5771026295688982	51.40275138965104	.18057474022289746	4259.916076890226	14.860058040246045	0	387.10237710816705	.08974199999652395	15.731048026302274	.011317506681281881	1267.4924630399782	13.489772636813154	0	1378.5540816897733	.23125285757374514	64.18360125958014	.031528020295330854	4404.235375946312	9.478903872117272	0	45.1036096539883	217.8949107967431	45.393235896369276	.7965968591081737	3559.2746868013965	9.223727820366431	.41799181547592795	1.12212	.6234000000000001	.77925	.3732900000000004	.12468	.6234000000000001	2.554439999999999	.03117
1.52	1417.5435149642888	.27874062794061005	59.596875474396754	.04919330714417339	4863.05830532376	10.76083502079736	0	1429.839946452602	.14442616262486596	62.908854103149466	.018973767991234958	4900.721888127916	12.650674536656668	0	1419.224067631666	.07063920850578068	65.11856464056409	.0052078406118753855	4823.431438728398	9.847874227154849	0	1175.6876135554057	.3531444890087202	51.671089073683774	.0639665616818023	4037.2018680232586	10.988066768264995	0	1248.0993086634085	.5929173297124453	51.39991450960371	.1880209919572118	4253.78595010605	14.860058040246045	0	383.3072956474518	.09125253311736425	15.604524374413183	.011702477023115084	1256.4188874359522	13.489772636813154	0	1377.5984089495098	.24172667000057318	64.12296848283894	.034031370740174455	4402.5289830330385	9.478978087820813	0	44.17377237581578	213.79082360805052	45.39020734221675	.806755998032849	3553.6841027315227	9.223727820366431	.41799181547592795	1.12212	.6234000000000001	.77925	.3732800000000004	.12468	.6234000000000001	2.554419999999999	.03117
1.54	1415.6043921899168	.2914873127827742	59.583694925590706	.05303101456061824	4852.971826474244	10.76083502079736	0	1429.0945234952396	.15276508308863293	62.87215792626861	.020901490117023865	4897.020529648039	12.650674536656668	0	1419.4800695852562	.07578295384447356	65.06182612480994	.005860272418993406	4825.342519898103	9.847874227154849	0	1174.9634109320227	.35703754439915725	51.639962194874514	.06546066200423495	4034.3458119786824	10.988361141420304	0	1246.0577247920905	.6089410664037714	51.396053350528746	.19554249334886864	4247.746453244228	14.860058040246045	0	379.62680171275963	.092758904650877	15.481764577544526	.012093581926715894	1245.674510253813	13.489772636813154	0	1376.6432816386236	.2525962168010637	64.06229897729207	.03670369308860956	4400.817157967469	9.479052304686519	0	43.30374506159858	209.78827420201557	45.38714304330574	.8169036809587978	3548.252853030452	9.223727820366431	.41799181547592795	1.12212	.6234000000000001	.77925	.3732700000000004	.12468	.6234000000000001	2.554399999999999	.03117
1.56	1413.679675486615	.30469914405368864	59.56972888522026	.057098498767774	4843.015299323302	10.76083502079736	0	1428.342543401746	.16149426453331991	62.83542010459781	.02299826190433442	4893.294900349629	12.650674536656668	0	1419.710358212761	.08123512343738927	65.0055542096654	.00658793102741054	4827.111041831066	9.847874227154849	0	1174.246269655564	.36116139330007135	51.60884537175786	.06703085985048528	4031.478721640351	10.988655530348703	0	1244.0520202625746	.6251789778949489	51.39120209874455	.20313365079691184	4241.794788302847	14.860058040246045	0	376.05732894164413	.09426267850671274	15.362649680910527	.012491200382886739	1235.248851731234	13.489772636813154	0	1375.6887139382268	.2638756693561112	64.00158461667097	.03955288767022665	4399.099873658691	9.479126522714413	0	42.489663567726915	205.88593800620777	45.38404306340188	.827040011614497	3542.975728165834	9.223727820366431	.41799181547592795	1.12212	.6234000000000001	.77925	.37326000000000037	.12468	.6234000000000001	2.5543799999999988	.03117
1.58	1411.7692308829369	.318390693390252	59.55497959881808	.061402269908231485	4833.186587241037	10.76083502079736	0	1427.5840490805108	.17062880049142	62.798620873679965	.025275468819568922	4889.546126940392	12.650674536656668	0	1419.915404201363	.08701060701954566	64.94973055533647	.007398547523532844	4828.740013702865	9.847874227154849	0	1173.5353917502305	.3655328153283862	51.577731574576326	.06868508014783854	4028.600071706553	10.98894993505146	0	1242.0813791864382	.6416366792679082	51.38539398907185	.21078911710253964	4235.92820798914	14.860058040246045	0	372.5954197281005	.0957655310775078	15.247064578772942	.012895763159821836	1225.1317668140687	13.489772636813154	0	1374.7347147447374	.2755797074428812	63.940817537634	.04258660907194914	4397.377098600773	9.479200741904526	0	41.72796429580361	202.08228900829036	45.38090746055134	.8371651035908526	3537.847617772132	9.223727820366431	.41799181547592795	1.12212	.6234000000000001	.77925	.37325000000000036	.12468	.6234000000000001	2.5543599999999986	.03117
1.6	1409.8729205475731	.3325765369808942	59.53944993685455	.06594815606014762	4823.483579215927	10.76083502079736	0	1426.8190937432084	.18018429027700275	62.761740972096476	.027744548198994187	4885.77528714763	12.650674536656668	0	1420.095665253285	.09312487350640604	64.89433617195743	.008300521138663319	4830.232398510388	9.847874227154849	0	1172.8300396933466	.3701690398438292	51.54661282616667	.07043150341248645	4025.709455784569	10.98924435552984	0	1240.144979975849	.6583202479206007	51.37866133152809	.21850376343776823	4230.144016621277	14.860058040246045	0	369.2377228262466	.09726925162480263	15.134897918579451	.01330775357368092	1215.3134378996522	13.489772636813154	0	1373.78128779735	.28772353601669576	63.8799902428001	.04581216056330069	4395.648797222381	9.479274962256882	0	41.015369020487746	198.37560761696713	45.37773628607828	.8472790806609296	3532.863503395894	9.223727820366431	.41799181547592795	1.12212	.6234000000000001	.77925	.3732400000000004	.12468	.6234000000000001	2.5543399999999985	.03117
1.62	1407.9906034794178	.34727200365064054	59.523143140021844	.07074152034105949	4813.9041934417955	10.76083502079736	0	1426.0477298444084	.19017685622768832	62.724760708973534	.030417626264592587	4881.983427679098	12.650674536656668	0	1420.2515909684855	.09959395520780855	64.83935157495439	.009302902656461992	4831.591106677799	9.847874227154849	0	1172.1295122119047	.3750873190848647	51.515480750209704	.0722787082281572	4022.8064962250323	10.989538791785112	0	1238.2420147981309	.6752361982484517	51.37103496189325	.22627307881671796	4224.439603571777	14.860058040246045	0	365.9809826782596	.09877573609339162	15.026041468930442	.01372771605828366	1205.7843368511521	13.489772636813154	0	1372.828434118948	.30032287104031524	63.81909514453924	.04923691569107889	4393.91493545564	9.47934918377151	0	40.34873358901877	194.76427632990263	45.37452957476291	.8573820773448015	3528.0186037092744	9.223727820366431	.41799181547592795	1.12212	.6234000000000001	.77925	.3732300000000004	.12468	.6234000000000001	2.554319999999999	.03117
1.64	1406.1221351085467	.36249272125872745	59.50606315084143	.07578695869519739	4804.446374095929	10.76083502079736	0	1425.2700176775754	.2006231493424972	62.68766093257864	.03330676919966015	4878.171551439677	12.650674536656668	0	1420.3836190778136	.10643449367485956	64.78475663120646	.01041543775780316	4832.819002278588	9.847874227154849	0	1171.4331599781847	.38030529856609635	51.484326194479685	.07423549900090372	4019.890912564782	10.989833243818545	0	1236.37167477608	.6923915056031775	51.36254474108836	.23409283518697183	4218.812413205826	14.860058040246045	0	362.8220437105745	.10028699220220624	14.92039047316119	.01415625069885611	1196.5352415631683	13.489772636813154	0	1371.876150286773	.3133939667253799	63.75812509216164	.05286781995852594	4392.175476338621	9.479423406448438	0	39.72515378896754	191.2465467392398	45.37128735245214	.867474238991523	3523.3082466627257	9.223727820366431	.41799181547592795	1.12212	.6234000000000001	.77925	.3732200000000004	.12468	.6234000000000001	2.5542999999999987	.03117
1.66	1404.2673671379578	.3782549473170291	59.488214648329624	.08108826662724289	4795.108091012944	10.76083502079736	0	1424.4860258783983	.21154035716900074	62.65042324861719	.03642377062373034	4874.340617588442	12.650674536656668	0	1420.4921752142234	.11366375890392995	64.73053056785135	.011648551183530791	4833.9189040014135	9.847874227154849	0	1170.7403831975844	.3858409708419308	51.45313924193745	.07631084774727181	4016.962523748354	10.990127711631407	0	1234.5331504177327	.7097935927511358	51.35321962456753	.24195906446271684	4213.259940952824	14.860058040246045	0	359.7578483388985	.1018051412375817	14.817843585286104	.014594013047392607	1187.5572287768691	13.489772636813154	0	1370.9244285646032	.32695361412480944	63.697073466284934	.056711299997207185	4390.43037977172	9.47949763028769	0	39.14196043682991	187.8205446360362	45.368009636846935	.8775557219145474	3518.727869581221	9.223727820366431	.41799181547592795	1.12212	.6234000000000001	.77925	.3732100000000004	.12468	.6234000000000001	2.5542799999999986	.03117
1.68	1402.4261492551664	.39457500600296586	59.469603030064704	.0866484186549413	4785.887343120167	10.76083502079736	0	1423.6958195464917	.2229462334152868	62.61302885633326	.03978100708832695	4870.4915599192445	12.650674536656668	0	1420.5776782635926	.12129963694880906	64.67665197433571	.013013489886607821	4834.893578522986	9.847874227154849	0	1170.0506136490378	.391712631089714	51.42190976448776	.07851412273773559	4014.021155693745	10.990422195224966	0	1232.7256471985138	.7274503834351733	51.343087060700014	.24986844345122677	4207.779769449856	14.860058040246045	0	356.78542627820053	.10333240507438826	14.71830225268627	.015041725613573606	1178.8416398960978	13.489772636813154	0	1369.973258837343	.341019179777151	63.635933813121525	.060773588228152424	4388.6796082630035	9.479571855289299	0	38.59658042151438	184.48449154711858	45.36469642529132	.8876266946601202	3514.2731027556797	9.223727820366431	.41799181547592795	1.12212	.6234000000000001	.77925	.37320000000000036	.12468	.6234000000000001	2.5542599999999984	.03117
1.7	1400.5983279011832	.41146985275847736	59.45023440996137	.09246960144277067	4776.782155246771	10.76083502079736	0	1422.8994697258302	.23485910226106485	62.57545977206328	.04339045082294514	4866.625273362375	12.650674536656668	0	1420.6405361123643	.12936067371692858	64.62309883509378	.01452217179660368	4835.745747038857	9.847874227154849	0	1169.363325709224	.39793890174839913	51.39062707532682	.0808547973408267	4011.0667134003893	10.990716694600492	0	1230.9483736110885	.745370270306699	51.33217353965543	.2578179672275326	4202.369535660436	14.860058040246045	0	353.9018991334223	.10487111746010395	14.621671073335085	.015500168454583109	1170.3800953448308	13.489772636813154	0	1369.0226274737317	.3556083699316011	63.57470027061168	.06506033161241934	4386.923122276525	9.479646081453287	0	38.08663847032534	181.2365296035661	45.36134770483144	.8976873372198956	3509.9396952036373	9.223727820366431	.41799181547592795	1.12212	.6234000000000001	.77925	.37319000000000035	.12468	.6234000000000001	2.5542399999999983	.03117
1.72	1398.7837462723433	.4289571644565754	59.4301154658943	.09855336764829332	4767.79057774098	10.76083502079736	0	1422.0970538222946	.24729788127882502	62.5376990858779	.04726341838172292	4862.742614007374	12.650674536656668	0	1420.681145459428	.13786609479139483	64.56984861394945	.016187094834670374	4836.478086183443	9.847874227154849	0	1168.6780348335749	.40453867654727055	51.35928000520606	.0833423356126884	4008.0991831713745	10.991011209759252	0	1229.2005411139714	.7635621240480105	51.32050465005671	.2658049299202305	4197.026927358371	14.860058040246045	0	351.1044785946631	.10642372567257896	14.52785774230467	.015970177267417333	1162.1644884212267	13.489772636813154	0	1368.072517720046	.37073890600586185	63.51336761957658	.06957654332847943	4385.160879999081	9.479720308779685	0	37.6099589973665	178.074720475375	45.35796345315639	.9077378408281384	3505.723515374232	9.223727820366431	.41799181547592795	1.12212	.6234000000000001	.77925	.37318000000000034	.12468	.6234000000000001	2.5542199999999986	.03117
1.74	1396.9822459504567	.447054816655728	59.40925406607213	.10489997463435821	4758.910689578938	10.76083502079736	0	1421.2886448293202	.26028207442338447	62.49972971421552	.05141153723982956	4858.844415861192	12.650674536656668	0	1420.699896717933	.14683579654935353	64.51687796750024	.01802175484735385	4837.093222206918	9.847874227154849	0	1167.994282192898	.4115313097624414	51.32785722378801	.08598659057055003	4005.1185489868444	10.991305740702515	0	1227.481377320517	.782035320730363	51.30810455500549	.27382724825255034	4191.749715359623	14.860058040246045	0	348.3904561407266	.10799277579544848	14.436772472290679	.01645265992660525	1154.186953203117	13.489772636813154	0	1367.1229104554534	.386429469348247	63.451931133773776	.0743267148391962	4383.392842517707	9.479794537268518	0	37.16442960944533	174.99722060654395	45.35454362605203	.9177784104141925	3501.620590821124	9.223727820366431	.41799181547592795	1.12212	.6234000000000001	.77925	.37317000000000033	.12468	.6234000000000001	2.5541999999999985	.03117
1.76	1395.1936658740067	.46578124181957375	59.3876586860955	.11150899499072957	4750.140595474167	10.76083502079736	0	1420.4743197220484	.2738317261276569	62.46153570199807	.05584565246517622	4854.931478876944	12.650674536656668	0	1420.6971702627286	.1562903852332663	64.46416311626169	.020040169961678657	4837.593736673797	9.847874227154849	0	1167.3116444224688	.41893647319283206	51.29634714162118	.08879733783324482	4002.1248560411304	10.99160028743155	0	1225.790115691786	.8007997376683369	51.29499647270436	.28188317424226267	4186.535725038557	14.860058040246045	0	345.75720751750356	.10958092531880592	14.348328328264637	.01694858070320173	1146.4398783802928	13.489772636813154	0	1366.173783479649	.4026992219776379	63.39038679450094	.07931463204379299	4381.6189697415275	9.479868766919813	0	36.748103097432356	172.00214103281502	45.35108816778012	.9278092623992438	3497.627069242045	9.223727820366431	.41799181547592795	1.12212	.6234000000000001	.77925	.3731600000000003	.12468	.6234000000000001	2.5541799999999983	.03117
1.78	1393.4178425934454	.48515523169470903	59.3653382533771	.11837947221483772	4741.478425617785	10.76083502079736	0	1419.654159364685	.2879673134372579	62.423102444557806	.06057559663231141	4851.004569625293	12.650674536656668	0	1420.6733365567732	.1662511933369752	64.41168005346069	.022256672165060425	4837.982166987111	9.847874227154849	0	1166.6297332823076	.42677416575644145	51.26473806610424	.0917841339953973	3999.118209144966	10.991894849947629	0	1224.1259951501156	.8198657709048007	51.28120271601902	.28997126303400794	4181.382835372923	14.860058040246045	0	343.2021910557069	.11119094398935961	14.26244117553585	.017458955810879837	1138.915902422316	13.489772636813154	0	1365.2251109568028	.4195683874399768	63.32873130045321	.0845433649522829	4379.839220444292	9.479942997733598	0	36.3591990637939	169.0875425250168	45.34759701167266	.9378306239724844	3493.739215255757	9.223727820366431	.41799181547592795	1.12212	.6234000000000001	.77925	.37315000000000037	.12468	.6234000000000001	2.554159999999998	.03117
1.8	1391.6546110142533	.5051962679763297	59.34230304224888	.1255089999494282	4732.922337929539	10.76083502079736	0	1418.8282408259215	.3027100724843706	62.38441564274567	.06561103369951793	4847.064433753086	12.650674536656668	0	1420.6287594551266	.17674028469336836	64.35940381148286	.024686732164933466	4838.261002736682	9.847874227154849	0	1165.948179923607	.4350648255692553	51.23301816213644	.0949568247418067	3996.098712728543	10.992189428252017	0	1222.4882715495185	.8392443245268745	51.26674431446387	.2980906636955725	4176.288998612423	14.860058040246045	0	340.72293812174684	.11282570199866392	14.179029169802934	.01798487752910404	1131.607881723526	13.489772636813154	0	1364.2768660519312	.4370571225393452	63.266962162520976	.09001514966339946	4378.05355585221	9.480017229709901	0	35.995983450935334	166.2515785375028	45.34407006971346	.9478427372899499	3489.953433440774	9.223727820366431	.41799181547592795	1.12212	.6234000000000001	.77925	.37314000000000036	.12468	.6234000000000001	2.554139999999998	.03117
1.82	1389.9038040644875	.5259241822622085	59.318563818467425	.13289459740872941	4724.470515877058	10.76083502079736	0	1417.9966431374135	.3180816812635924	62.345462400856405	.07096050294154209	4843.111787575604	12.650674536656668	0	1420.5637938203115	.18778047707213322	64.30730933051875	.02734602005374215	4838.432689529768	9.847874227154849	0	1165.2666454533169	.44382926347457513	51.201175685535546	.0983249627147811	3993.0665145531502	10.992484022345986	0	1220.8762086030433	.8589468345159439	51.25164138232603	.3062408432167324	4171.25222272403	14.860058040246045	0	338.3170572137877	.11448818025084118	14.09801304511715	.018527489586939887	1124.5089052228589	13.489772636813154	0	1363.3290188891974	.4551864619544249	63.20507757987666	.09573153031008075	4376.261936877965	9.48009146284875	0	35.65685750450578	163.49238063285412	45.340507241551435	.9578458552762361	3486.266242275735	9.223727820366431	.41799181547592795	1.12212	.6234000000000001	.77925	.37313000000000035	.12468	.6234000000000001	2.554119999999998	.03117
1.84	1388.16525284625	.5473590425616652	59.294131650443624	.14053289805296998	4716.121168240149	10.76083502079736	0	1417.1594470286802	.33410419435209915	62.3062313608495	.07663127404902223	4839.147318853432	12.650674536656668	0	1420.478785722588	.199395350943193	64.25537182123426	.03025004448406351	4838.499629404404	9.847874227154849	0	1164.5848209328128	.4530886920051753	51.169199164605295	.10189765198168181	3990.0218033339647	10.992778632230804	0	1219.289077447591	.8789852771399471	51.23591316816953	.3144215361687397	4166.270571168785	14.860058040246045	0	335.98223247205635	.11618147112930004	14.019316069997874	.019087979842591238	1117.6122903749929	13.489772636813154	0	1362.3815365931437	.4739782293141046	63.143076242321506	.10169355547106615	4374.464324167819	9.48016569715017	0	35.34035697103294	160.8080543654037	45.33690841554037	.9678402402535189	3482.6742692466655	9.223727820366431	.41799181547592795	1.12212	.6234000000000001	.77925	.37312000000000034	.12468	.6234000000000001	2.5540999999999983	.03117
1.86	1386.4387871475049	.5695216494391321	59.269018925862134	.14841911512207853	4707.8725306107335	10.76083502079736	0	1416.3167300297384	.35080038611547915	62.26671211634604	.08262979868993554	4835.1716956048795	12.650674536656668	0	1420.3740744165275	.2116092828466669	64.20356549093732	.033415484439084354	4838.4641789949665	9.847874227154849	0	1163.9024120836762	.46286473693095503	51.137077127648	.10568408499923553	3986.9647686770627	10.993073257907742	0	1217.7261661911716	.8993721653622386	51.21957776684604	.32263303452743125	4161.342172166848	14.860058040246045	0	333.71621478362374	.1179087696474606	13.942863597198865	.019667613004876718	1110.911551974243	13.489772636813154	0	1361.4343850095752	.4934547698023537	63.080958086725246	.10790101030292502	4372.660680511758	9.48023993261419	0	35.04505826115794	158.19678914202748	45.33327345933005	.9778261702495947	3479.1742671356524	9.223727820366431	.41799181547592795	1.12212	.6234000000000001	.77925	.37311000000000033	.12468	.6234000000000001	2.554079999999998	.03117
1.88	1384.724235202862	.5924331297657202	59.243238348984704	.15654805849526174	4699.722863770367	10.76083502079736	0	1415.4685698774144	.3681936721590249	62.2268958078497	.088961207471182	4831.1855603898275	12.650674536656668	0	1420.2499909533767	.22444744726986704	64.15186498748027	.03685869977156869	4838.328651955838	9.847874227154849	0	1163.2191496075982	.4731794511686261	51.10479852235084	.10969292864127433	3983.895629831701	10.99336789937807	0	1216.186772324963	.9201205607819514	51.20265242984729	.3308759002567711	4156.46520920825	14.860058040246045	0	331.51682560023	.119673381799798	13.868583316719535	.020267696395896487	1104.4004169215393	13.489772636813154	0	1360.4875275347292	.5136390755441305	63.01872362610317	.11435309654405684	4370.8509689841185	9.480314169240836	0	34.76964612490112	155.65677105933048	45.32960222885267	.9878039324616877	3475.7630943117138	9.223727820366431	.41799181547592795	1.12212	.6234000000000001	.77925	.3731000000000003	.12468	.6234000000000001	2.554059999999998	.03117
1.9	1383.0214236745585	.6161149756399469	59.21680271759896	.16491435864253937	4691.67045336558	10.76083502079736	0	1414.6150441526254	.3863084992643763	62.186775040969216	.0956293896081842	4827.189530609085	12.650674536656668	0	1420.106858198257	.23793583234555737	64.10024590275464	.04059522545750809	4838.095319558284	9.847874227154849	0	1162.5347888942633	.48405533321069627	51.07235285809063	.11393217977208603	3980.814635709977	10.993662556643056	0	1214.6702023451255	.9412440714379964	51.18515363701624	.33915090517328805	4151.637919682792	14.860058040246045	0	329.38195568802564	.12147872608285774	13.79640522631895	.020889570052300944	1098.072820542828	13.489772636813154	0	1359.5409253653743	.5345545473776672	62.95637381846065	.12104856408643566	4369.03515289354	9.480388407030135	0	34.51291233251058	153.1861810617332	45.32589457046809	.9977738212188273	3472.437711554241	9.223727820366431	.41799181547592795	1.12212	.6234000000000001	.77925	.3730900000000003	.12468	.6234000000000001	2.554039999999998	.03117
1.92	1381.3301784532994	.6405891727937898	59.18972597400973	.17351140082017882	4683.713611095671	10.76083502079736	0	1413.7562274708343	.4051694856484855	62.14634415503741	.10263661289895919	4823.184205956229	12.650674536656668	0	1419.944992444588	.25210126717767595	64.04868302146632	.04464156926406594	4837.766409507102	9.847874227154849	0	1161.8490971519261	.49551531712942193	51.039729961077235	.11840962212392696	3977.722032218119	10.993957229703971	0	1213.1757792401004	.9627568801805014	51.16709682856323	.3474593131255807	4146.85860098723	14.860058040246045	0	327.30955664807203	.12332832510185852	13.726261212778745	.021534646579875784	1091.9228774429248	13.489772636813154	0	1358.594538063504	.5562255599801605	62.89391089238017	.1279848765657442	4367.2131976287665	9.480462645982119	0	34.27368536031701	150.78327152806943	45.3221503102078	1.0077361463317696	3469.1951885256917	9.223727820366431	.41799181547592795	1.12212	.6234000000000001	.77925	.37308000000000036	.12468	.6234000000000001	2.554019999999998	.03117
1.94	1379.650324139313	.6658781190776085	59.16202218184424	.1823323605840931	4675.850673294106	10.76083502079736	0	1412.8921936077386	.42480208075661463	62.10559892407894	.10998390116476933	4819.170163497443	12.650674536656668	0	1419.7647022242486	.26697143297475	63.99715223792572	.04901325648949249	4837.344107919032	9.847874227154849	0	1161.1618618625191	.5075827963283339	51.00692033091974	.1231323040348101	3974.6180864053563	10.994251918562087	0	1211.702836479081	.9846737273674738	51.14849671017507	.3558025919487887	4142.125603101272	14.860058040246045	0	325.29764463489914	.12522581412517444	13.658085292282646	.022204369026967354	1085.9448952627383	13.489772636813154	0	1357.6483232602175	.5786769550529627	62.8313375656739	.13515900041781354	4365.385069168969	9.48053688609681	0	34.050880211305675	148.44630603829606	45.318369264621545	1.0176912243305258	3466.032693171304	9.223727820366431	.41799181547592795	1.12212	.6234000000000001	.77925	.37307000000000035	.12468	.6234000000000001	2.553999999999998	.03117
1.96	1377.981683989503	.692004690839483	59.13370536547746	.19137036601770305	4668.080000548381	10.76083502079736	0	1412.023015940701	.44523239528582126	62.06453617608248	.1176714193756647	4815.1479575798885	12.650674536656668	0	1419.5662881836997	.282574886748553	63.945631102290434	.053724278403498346	4836.830560049096	9.847874227154849	0	1160.472890375416	.5202816255301895	50.97391519656659	.12810645976073648	3971.503088326826	10.994546623218671	0	1210.250717613165	1.0070099058215227	51.1293673337112	.36418235286386114	4137.437326374514	14.860058040246045	0	323.344299304466	.1271749433218101	13.591813592396425	.022900199427779783	1080.1333713645438	13.489772636813154	0	1356.7022367255042	.6019339663513056	62.76865685434511	.1425675975243602	4363.55073390468	9.480611127374235	0	33.843498362949774	146.17355810053223	45.3145512437663	1.0276393758981917	3462.947490348752	9.223727820366431	.41799181547592795	1.12212	.6234000000000001	.77925	.37306000000000034	.12468	.6234000000000001	2.553979999999998	.03117
1.98	1376.3240808696316	.7189921139198248	59.1047903023758	.2006176915985869	4660.399978736427	10.76083502079736	0	1411.1487638493702	.4664872858640481	62.02315520354299	.1256969565551105	4811.118126949691	12.650674536656668	0	1419.3500447314402	.29894106436747064	63.8940969355177	.05878902139647551	4836.2278692616455	9.847874227154849	0	1159.7819996697438	.5336361444833392	50.94070653918338	.13333770547249416	3968.377320332603	10.994841343674997	0	1208.8187820841854	1.0297813092096448	51.10972184753402	.37260059857834904	4132.792227535665	14.860058040246045	0	321.4476557017908	.12917956869038116	13.527383955543852	.02362366150386498	1074.4829660939854	13.489772636813154	0	1355.756232795423	.6260227044085105	62.70587299542085	.15020609266722226	4361.710160359818	9.480685369814426	0	33.65057209275833	143.96336281807322	45.31069603884456	1.0375809355997274	3459.9369380448434	9.223727820366431	.41799181547592795	1.12212	.6234000000000001	.77925	.3730500000000003	.12468	.6234000000000001	2.553959999999998	.03117
2	1374.6773366186933	.7468640672181185	59.075291755083306	.21006653793745186	4652.809017717671	10.76083502079736	0	1410.2695056142566	.48859417772713687	61.98145644207543	.13405732318506525	4807.081190005809	12.650674536656668	0	1419.1162590983392	.31610001493063583	63.84252882736491	.0642202318590681	4835.538098878219	9.847874227154849	0	1159.0890229611903	.5476711602402664	50.907287170710234	.13883078757727285	3965.2410800667235	10.995136079932335	0	1207.4064004506956	1.0530043973590208	51.08957278777583	.3810594601150079	4128.188812391509	14.860058040246045	0	319.60590788596494	.1312436613709898	13.464736170532413	.024376295223814536	1068.9885152905103	13.489772636813154	0	1354.81026408772	.650969782468411	62.64299055309104	.15806957584662643	4359.86331777066	9.480759613417407	0	33.47120377348322	141.81407591228344	45.3068034347554	1.0475162416076143	3456.9984854865556	9.223727820366431	.41799181547592795	1.12212	.6234000000000001	.77925	.3730400000000003	.12468	.6234000000000001	2.5539399999999977	.03117
2.02	1373.0412720552113	.7756446822730406	59.04522442165817	.2197090828969864	4645.305550975343	10.76083502079736	0	1409.385308911775	.5115808179836056	61.9394410356242	.14274878926234383	4803.037644788241	12.650674536656668	0	1418.8652118172129	.3340818528478343	63.790908027509616	.07002862050869998	4834.763272832822	9.847874227154849	0	1158.3938095982583	.5624119246174306	50.873650685724215	.14458961438113355	3962.094681994818	10.995430831991952	0	1206.0129539065251	1.0766961921554437	51.06893214896284	.38956114122920765	4123.625634015388	14.860058040246045	0	317.81730801237995	.13337130980169457	13.403811958433888	.02515964569514923	1063.6450275363798	13.489772636813154	0	1353.8642813866693	.6768023890137944	62.5800142119519	.16615301020350057	4358.010175913975	9.480833858183205	0	33.30456699875317	139.72407137873992	45.302873213168155	1.0574456329356756	3454.1296718892254	9.223727820366431	.41799181547592795	1.12212	.6234000000000001	.77925	.3730300000000003	.12468	.6234000000000001	2.553919999999998	.03117
2.04	1371.4157077648165	.8053584750854113	59.01460324328042	.22953716230382054	4637.888036398431	10.76083502079736	0	1408.4962370647836	.5354759794026499	61.89711276686285	.15176506237371534	4798.98797509504	12.650674536656668	0	1418.5971767260746	.35291817392405467	63.7392165995433	.07622424507254578	4833.905375050061	9.847874227154849	0	1157.696216204487	.5778842331019121	50.839791874104954	.1506170284101093	3958.9384313668083	10.995725599855122	0	1204.6378389405133	1.100874328364997	51.0478111976168	.3981081102256569	4119.101296976977	14.860058040246045	0	316.0801586909937	.135566711534122	13.344554610706533	.025975301527423156	1058.4476592536626	13.489772636813154	0	1352.9182344330775	.7035483170767752	62.516949686046644	.17445031494894056	4356.15070658253	9.48090810411185	0	33.14985992452632	137.69177920494775	45.298905140552584	1.0673694592274034	3451.3281176982955	9.223727820366431	.41799181547592795	1.12212	.6234000000000001	.77925	.3730200000000003	.12468	.6234000000000001	2.553899999999998	.03117
2.06	1369.8004636018738	.8360303757609443	58.98344307270668	.2395426115530685	4630.554955179811	10.76083502079736	0	1407.602351963678	.5603088424022825	61.854476215844954	.1610991927641129	4794.932646512887	12.650674536656668	0	1418.3124208517518	.37264119036214066	63.68743883738785	.08281506306236566	4832.966350935838	9.847874227154849	0	1156.9961124889803	.5941143311722628	50.80570641257661	.15691497279450856	3955.772643377846	10.996020383523117	0	1203.280463392706	1.1255570145967955	51.02622070654346	.40670288383216124	4114.614451789116	14.860058040246045	0	314.3928164165453	.13783418156207675	13.286909198755062	.02682485336873933	1053.391726434892	13.489772636813154	0	1351.972071323261	.731235961166931	62.45380285194925	.18295523907897243	4354.284882374321	9.480982351203364	0	33.00633820440813	135.71565478082076	45.294898980465355	1.0772880703043095	3448.5915267697083	9.223727820366431	.41799181547592795	1.12212	.6234000000000001	.77925	.3730100000000003	.12468	.6234000000000001	2.5538799999999977	.03117
2.08	1368.1953587297091	.8676856780931455	58.9517587080477	.24971723300316342	4623.304811497893	10.76083502079736	0	1406.7037141775822	.5861089361182278	61.811536246728124	.170744086261495	4790.87210655275	12.650674536656668	0	1418.011203777604	.39328442148498677	63.63556131369291	.08980688084754632	4831.948107940526	9.847874227154849	0	1156.2933814793746	.6111288696458113	50.771390708363526	.16348464544860297	3952.5976436254664	10.996315182997206	0	1201.9402459389241	1.150763026823614	51.004171005730804	.4153479826182778	4110.1637938940685	14.860058040246045	0	312.7536907633454	.14017815354644464	13.23082255891947	.027709885627946716	1048.4727024607646	13.489772636813154	0	1351.025738400982	.7598943735051936	62.39057962004982	.1916614903432032	4352.412676601036	9.481056599457782	0	32.873316379513994	133.79417582724656	45.29085449611465	1.0872018136692532	3445.9176846782134	9.223727820366431	.41799181547592795	1.12212	.6234000000000001	.77925	.3730000000000003	.12468	.6234000000000001	2.5538599999999976	.03117
2.1	1366.6002121807132	.9003501281034578	58.91956473913805	.26005294099255005	4616.136132984957	10.76083502079736	0	1405.8003804420941	.6129065888809232	61.76830016854165	.18069027605239604	4786.806789408706	12.650674536656668	0	1417.6937796442778	.4148815652465824	63.58357277509646	.09720348308426473	4830.852515463112	9.847874227154849	0	1155.5879112400364	.6289550823451304	50.736842718977364	.1703257959836602	3949.4137492587074	10.996609998278661	0	1200.6166198530218	1.1765117614192762	50.981671896018064	.4240460482087174	4105.748064586358	14.860058040246045	0	311.1612372687636	.14260317522055566	13.176242979015592	.028632001602980312	1043.6861945755777	13.489772636813154	0	1350.0791811211316	.789553124463072	62.327286549519954	.20056211606351612	4350.534064309325	9.481130848875125	0	32.75012891126519	131.92587192293794	45.286771441120706	1.0971110425769592	3443.304449364019	9.223727820366431	.41799181547592795	1.12212	.6234000000000001	.77925	.3729900000000003	.12468	.6234000000000001	2.5538399999999974	.03117
2.12	1365.0148424510785	.9340497936645666	58.886875703203856	.270541615093267	4609.047469782237	10.76083502079736	0	1404.892405730576	.6407325852029991	61.72477536819484	.19092834279480525	4782.737112402602	12.650674536656668	0	1417.3603955546173	.43746738152498377	63.5314636407871	.10500710988545325	4829.6814058235495	9.847874227154849	0	1154.8796016661252	.6476205815408924	50.70206099721602	.17743758216810032	3946.2212847774717	10.996904829368754	0	1199.309029209649	1.202823173878429	50.958732786703486	.43279969423624054	4101.3660483968915	14.860058040246045	0	309.6139616267253	.14511391285060968	13.123120412671364	.029592795267784033	1039.0279585052288	13.489772636813154	0	1349.1323433245584	.8202423894643633	62.263930228374875	.20965012702542016	4348.649021320516	9.481205099455424	0	32.63616340477842	130.10929615646864	45.282649570227626	1.1070161064117026	3440.7497559170943	9.223727820366431	.41799181547592795	1.12212	.6234000000000001	.77925	.3729800000000003	.12468	.6234000000000001	2.5538199999999978	.03117
2.14	1363.4390674657516	.9688109942805185	58.85370622926261	.2811749577008707	4602.037394167805	10.76083502079736	0	1403.9798433109245	.6696182586688811	61.68096867766162	.20144955239101053	4778.6634756672165	12.650674536656668	0	1417.0112916036446	.46107754743377	63.47922479995499	.11321965518573293	4828.436574638389	9.847874227154849	0	1154.1683657034428	.6671532798635316	50.667044234370714	.18481901933456307	3943.020583888654	10.997199676268755	0	1198.016928048942	1.2297177510707398	50.93536271195897	.441611488142277	4097.016572509115	14.860058040246045	0	308.1104197824959	.14771515053428905	13.07140649080383	.030593850222316116	1034.4938992723255	13.489772636813154	0	1348.1851671699033	.8519929026895543	62.200517237753566	.21891853343744463	4346.757524090817	9.481279351198705	0	32.53086646058256	128.3430195804325	45.278488641387185	1.1169173486751731	3438.2516168755956	9.223727820366431	.41799181547592795	1.12212	.6234000000000001	.77925	.3729700000000003	.12468	.6234000000000001	2.5537999999999976	.03117
2.16	1361.8727054491455	1.0046606068585657	58.82007012279872	.29194539637962946	4595.104501289482	10.76083502079736	0	1403.062742342277	.6995953859328288	61.63689000518979	.21224213038373504	4774.586269271503	12.650674536656668	0	1416.6467025183688	.4857484635729606	63.42685289797129	.12183741293217785	4827.119781535197	9.847874227154849	0	1153.454114936913	.6875818150193542	50.63179377631577	.19246659712964942	3939.8119635465728	10.997494538979938	0	1196.7397861831973	1.2572166646340006	50.91157039027691	.4504839767918384	4092.698504656983	14.860058040246045	0	306.6492057050257	.1504117931126617	13.021054041121287	.031636740612528386	1030.080030311997	13.489772636813154	0	1347.237594214355	.8848360305593418	62.13705448175625	.22836001183319948	4344.859550996553	9.481353604104994	0	32.433679547633226	126.6256756136841	45.27428840612453	1.126815115660513	3435.808102550662	9.223727820366431	.41799181547592795	1.12212	.6234000000000001	.77925	.3729600000000003	.12468	.6234000000000001	2.553779999999998	.03117
2.18	1360.3155744102805	1.04162582251197	58.78598095335753	.30284550641564945	4588.247408173422	10.76083502079736	0	1402.1411495176046	.7306962400899911	61.592549446119186	.223294210841915	4770.505868906341	12.650674536656668	0	1416.2668565640881	.5115174176727673	63.37434663586931	.13085475261441115	4825.732750554654	9.847874227154849	0	1152.7367688626314	.7089352274919615	50.596311792702615	.20037601917258885	3936.5957412650387	10.997789417503574	0	1195.4770847738557	1.2853416586188315	50.88736425696511	.4594196134274188	4088.4107526023126	14.860058040246045	0	305.2289577466199	.1532088654143568	12.97201736071235	.03272302165337987	1025.782495468635	13.489772636813154	0	1346.289564684368	.9188037130137235	62.07354883627874	.23796725897022306	4342.9550813728	9.48142785817432	0	32.34408158026076	124.95592736777387	45.27004861890479	1.1367097478710964	3433.4173508752483	9.223727820366431	.41799181547592795	1.12212	.6234000000000001	.77925	.3729500000000003	.12468	.6234000000000001	2.553759999999998	.03117
2.2	1358.7674923919478	1.0797342060714012	58.751451813410824	.31386824934639523	4581.464753683511	10.76083502079736	0	1401.2151084753525	.7629535561671287	61.547957989127404	.23459310484697488	4766.422637878168	12.650674536656668	0	1415.8719759579812	.5384225511663369	63.32170802520681	.1402628710420547	4824.277170724878	9.847874227154849	0	1152.0162511004905	.7312430501571847	50.56060184308809	.20854166928885481	3933.3722285688873	10.998084311840934	0	1194.2283175492682	1.3141150836704711	50.86275251150338	.46842073902584846	4084.152262741237	14.860058040246045	0	303.84835475331886	.15611151352217265	12.924252073373196	.03385422588487107	1021.5975563192808	13.489772636813154	0	1345.341017744458	.9539284776903126	62.0100071733607	.24773296690995822	4341.044095790837	9.481502113406709	0	32.26157265719577	123.33247747397462	45.26576903602225	1.1466015809540813	3431.0775609730217	9.223727820366431	.41799181547592795	1.12212	.6234000000000001	.77925	.37294000000000027	.12468	.6234000000000001	2.5537399999999977	.03117
2.22	1357.2282765016075	1.119013395824023	58.71649654675701	.3250057606147303	4574.755197151087	10.76083502079736	0	1400.2846625528675	.7964005870957428	61.50312417372279	.2461287432154902	4762.336919778757	12.650674536656668	0	1415.4622764497306	.5665018897647598	63.268933788735154	.15005835246160287	4822.754696390921	9.847874227154849	0	1151.2925044359445	.7545347894544187	50.52466555915708	.21695977794482205	3930.141759336155	10.99837922199329	0	1192.9929842073338	1.343559688683702	50.83774299696403	.47748962858768973	4079.92202052269	14.860058040246045	0	302.5061277128132	.15912499726236745	12.87771557860878	.03503188214922252	1017.5216315890408	13.489772636813154	0	1344.3918905432424	.9902431441944003	61.94643633039498	.2576498581965196	4339.126574552486	9.48157636980219	0	32.18573250707921	121.75402608592734	45.261449424322535	1.1564909382460413	3428.787009523536	9.223727820366431	.41799181547592795	1.12212	.6234000000000001	.77925	.3729300000000003	.12468	.6234000000000001	2.553719999999998	.03117
2.24	1355.6977439036696	1.1594913537441658	58.68112857637466	.3362505081200193	4568.117419101829	10.76083502079736	0	1399.3498522100037	.8310710256171472	61.45805687237708	.2578907948955925	4758.24904599455	12.650674536656668	0	1415.0379678760485	.595794173266297	63.21602308264691	.16023547984784647	4821.166947931459	9.847874227154849	0	1150.5654760135396	.7788403748324644	50.48850559443181	.22562561386234203	3926.9046627048047	10.998674147961916	0	1191.770596124632	1.373698804994669	50.81234338352812	.4866283974247854	4075.719047850588	14.860058040246045	0	301.201046575507	.1622546981233904	12.832366564527163	.03625749053818848	1013.5512534465174	13.489772636813154	0	1343.4421191418908	1.0277810725934742	61.88284304101236	.2677107514472321	4337.202499010274	9.48165062736079	0	32.116163126389296	120.21930859086478	45.257089555700965	1.1663781352369984	3426.5440311652505	9.223727820366431	.41799181547592795	1.12212	.6234000000000001	.77925	.3729200000000003	.12468	.6234000000000001	2.553699999999998	.03117
2.26	1354.1757130955916	1.2011966953808335	58.64535938491388	.34759679384103087	4561.550122286123	10.76083502079736	0	1398.4107116814987	.8669989067877224	61.412768958901026	.2698648702253746	4754.159345363301	12.650674536656668	0	1414.5992548561264	.6263399457170742	63.16298758057645	.1707761949697229	4819.515512531509	9.847874227154849	0	1149.8350982113711	.8041907483059201	50.45212948089426	.23452981106930282	3923.6612279578685	10.998969089748083	0	1190.5606838463202	1.404556587373279	50.786561396004906	.4958388871893614	4071.5424000495495	14.860058040246045	0	299.9319034831024	.16550612940727222	12.788164385277968	.037532490969193595	1009.6830117716719	13.489772636813154	0	1342.4916397149593	1.0665764906617068	61.819233860420624	.27790863134379157	4335.271853296465	9.481724886082535	0	32.05241465986466	118.72714485476705	45.252689199542665	1.1762634857590626	3424.3469936947795	9.223727820366431	.41799181547592795	1.12212	.6234000000000001	.77925	.3729100000000003	.12468	.6234000000000001	2.5536799999999977	.03117
2.28	1352.6620022840507	1.2441582058380338	58.60920054441937	.3590387500644601	4555.052029608721	10.76083502079736	0	1397.46727350954	.9042187087051008	61.36727192148089	.28203807476922166	4750.068131890279	12.650674536656668	0	1414.1463360471612	.6581799853864708	63.10983742598802	.18166408250274363	4817.801944382678	9.847874227154849	0	1149.1013136464403	.8306170224082812	50.4155442190688	.24366352977983383	3920.41175137045	10.999264047353064	0	1189.362786380759	1.4361576746459912	50.760404591742464	.5051227588972274	4067.3911672902414	14.860058040246045	0	298.69753270392994	.16888492356843834	12.745069822534026	.03885829686005328	1005.9136213173954	13.489772636813154	0	1341.5403869680697	1.1066640164832853	61.75561514740705	.28823667365932576	4333.334621874152	9.481799145967454	0	31.99408250356658	117.2763706176089	45.248248136192764	1.186147290553602	3422.1943264365386	9.223727820366431	.41799181547592795	1.12212	.6234000000000001	.77925	.3729000000000003	.12468	.6234000000000001	2.553659999999998	.03117
2.3	1351.1564300203834	1.2884049898528567	58.57266298092266	.37057106659158834	4548.621884474084	10.76083502079736	0	1396.519566937042	.9427652988046387	61.32157753053688	.2943972783179329	4745.975709557794	12.650674536656668	0	1413.679404521696	.6913558072362453	63.056585984989454	.19287963751815443	4816.027765329415	9.847874227154849	0	1148.3640657985645	.8581507534766843	50.37875808746868	.253016735025887	3917.156519201987	10.999559020778133	0	1188.1764546696863	1.4685273024722105	50.733880488819004	.5144814246862812	4063.2644725403293	14.860058040246045	0	297.49680197083484	.1723968373253152	12.703044768694436	.040236278086773165	1002.2398931272087	13.489772636813154	0	1340.588294723884	1.1480788079345343	61.691993002195595	.2986883053160268	4331.3907903432855	9.481873407015573	0	31.940771012028158	115.86586070296205	45.2437661540425	1.1960298395669238	3420.0845071884655	9.223727820366431	.41799181547592795	1.12212	.6234000000000001	.77925	.3728900000000003	.12468	.6234000000000001	2.553639999999998	.03117
2.32	1349.6588128878561	1.3339655957221692	58.53576027870678	.38218572415031704	4542.258448026847	10.76083502079736	0	1395.5676249913479	.9826737535031388	61.27569325866801	.3069339441280845	4741.8823538949155	12.650674536656668	0	1413.1986465411624	.7259074733972146	63.00322674127886	.20442327925478926	4814.19446450413	9.847874227154849	0	1147.623335454865	.8868227878685893	50.34177260653507	.26258586160435876	3913.895876694764	10.99985401002456	0	1187.001236920491	1.5016906971690294	50.70699583576823	.523916576184474	4059.1614756536305	14.860058040246045	0	296.3286437382677	.17604771452751028	12.662053329323252	.041667885633207405	998.6588385999831	13.489772636813154	0	1339.6352937401234	1.1908557064358778	61.62837414462088	.3092563364548718	4329.440341868129	9.48194766922692	0	31.89226460259509	114.49442014001876	45.239243053070616	1.2059114113842615	3418.016124267754	9.223727820366431	.41799181547592795	1.12212	.6234000000000001	.77925	.37288000000000027	.12468	.6234000000000001	2.553619999999998	.03117
2.34	1348.1689695521968	1.3808694525714036	58.49850305154631	.39387756116012895	4535.960503070295	10.76083502079736	0	1394.611472474004	1.0239796139229618	61.22962971924367	.31963625936210344	4737.788344170706	12.650674536656668	0	1412.7042438603949	.7618772078024275	62.9497719673337	.21627683059435812	4812.303500357479	9.847874227154849	0	1146.8790777825125	.9166651742686851	50.30459596350259	.27236101876719987	3910.6301101094627	11.00014901509362	0	1185.8367029083415	1.5356740852285742	50.67975793320964	.5334292336964865	4055.0813634152155	14.860058040246045	0	295.1919989887288	.17984354964896362	12.622059856312932	.04315443297652807	995.1674834304257	13.489772636813154	0	1338.6813154713864	1.2350306445146155	61.56476432507426	.3199345329074034	4327.483263120372	9.482021932601523	0	31.848234694928234	113.16096646743387	45.23467864185192	1.2157922713767209	3415.9877660279008	9.223727820366431	.41799181547592795	1.12212	.6234000000000001	.77925	.37287000000000026	.12468	.6234000000000001	2.553599999999998	.03117
2.36	1346.6867194300241	1.4291463509787274	58.46090086957633	.4056423691712482	4529.726852336517	10.76083502079736	0	1393.6511301003418	1.0667187727755967	61.18339793952053	.3324920062818864	4733.693952769652	12.650674536656668	0	1412.1963730456196	.799308101614907	62.8962391447234	.22841704377346447	4810.356300662798	9.847874227154849	0	1146.1312434509466	.9477104826703403	50.26723828542875	.2823305003726975	3907.3594868955897	11.000444035986584	0	1184.6824353172774	1.5705043362686644	50.652174219960024	.5430200464946475	4051.0233514650895	14.860058040246045	0	294.0858350057203	.18379046617078787	12.583029577067148	.04469716780849477	991.7629269391356	13.489772636813154	0	1337.7262908036482	1.2806401386170616	61.501168822252396	.3307171245544797	4325.519542173816	9.482096197139407	0	31.808339245114336	111.86446575308315	45.23007274009134	1.2256726709368158	3413.998056301998	9.223727820366431	.41799181547592795	1.12212	.6234000000000001	.77925	.3728600000000003	.12468	.6234000000000001	2.553579999999998	.03117
2.38	1345.211881894828	1.4788261190238794	58.42296343152462	.41747573452075254	4523.556317320697	10.76083502079736	0	1392.6866170260585	1.1109273980840808	61.13700764906114	.34549036068336497	4729.599438843619	12.650674536656668	0	1411.675205090729	.838243308974298	62.842642603105965	.24082392785032683	4808.3542627228835	9.847874227154849	0	1145.379791359445	.97999138237178	50.22970872518255	.2924835666114609	3904.0842800677988	11.000739072704729	0	1183.5380243733623	1.6062087424726605	50.62425203248414	.5526894681527538	4046.9866850354756	14.860058040246045	0	293.00915575911216	.1878947034647093	12.54492896439982	.04629731475872541	988.4423768937767	13.489772636813154	0	1336.770149290878	1.3277209731610886	61.437592732481406	.341598519843366	4323.5491672029075	9.482170462840601	0	31.77228306842935	110.60389321204737	45.22542518060612	1.235552846605279	3412.045675271285	9.223727820366431	.41799181547592795	1.12212	.6234000000000001	.77925	.3728500000000003	.12468	.6234000000000001	2.553559999999998	.03117
2.4	1343.7442768225785	1.5299387853545732	58.38469985631396	.4293737396349637	4517.447738521295	10.76083502079736	0	1391.7179493540377	1.156641948711476	61.090468098384385	.35862101690966397	4725.505052621357	12.650674536656668	0	1411.140905776916	.8787264646666225	62.78899816470071	.25347612163130895	4806.298754080999	9.847874227154849	0	1144.6246804444093	1.0135408654625226	50.192017065505844	.3028089183260247	3900.804753221738	11.001034125249324	0	1182.4030706819894	1.6428151381738538	50.59599879632377	.5624376204744707	4042.9706367314598	14.860058040246045	0	291.9609938799154	.1921626248608441	12.507725460273342	.04795604585209295	985.2031232516924	13.489772636813154	0	1335.8128196429757	1.3763103611786365	61.374040739626494	.3525735340717554	4321.572127184563	9.482244729705133	0	31.739780443554636	109.3782551258019	45.220735809932734	1.2454330189269167	3410.1293440120057	9.223727820366431	.41799181547592795	1.12212	.6234000000000001	.77925	.3728400000000003	.12468	.6234000000000001	2.553539999999998	.03117
2.42	1342.283721541162	1.5825139770021333	58.34612291355799	.44132877364995216	4511.399973174952	10.76083502079736	0	1390.7451490786318	1.2038976103071768	61.04378903340368	.3718734932734896	4721.411014110977	12.650674536656668	0	1410.5936355512947	.9207985190271479	62.73529843566342	.26637550903265855	4804.191110696668	9.847874227154849	0	1143.8659116460578	1.0483904953004608	50.15416529734236	.31330273217612703	3897.521235417319	11.001329193621645	0	1181.2771711167097	1.6803509952688351	50.56742014126837	.5722658963886573	4038.974518280762	14.860058040246045	0	290.9404508310357	.19660063799087743	12.471388689806107	.0496747933382383	982.0426698019419	13.489772636813154	0	1334.8542275995906	1.426444782042969	61.310519818170036	.36363469498928275	4319.588408354297	9.48231899773303	0	31.7106605665594	108.18653455901652	45.2160044481648	1.255313435246051	3408.2478755488683	9.223727820366431	.41799181547592795	1.12212	.6234000000000001	.77925	.3728300000000003	.12468	.6234000000000001	2.553519999999998	.03117
2.44	1340.830037422083	1.636582144131212	58.30724005707018	.4533384141187994	4505.411899182356	10.76083502079736	0	1389.7682251910385	1.25273151956659	60.996978369760335	.3852388561450865	4717.317559215793	12.650674536656668	0	1410.033550066956	.9645043046823797	62.68156449430512	.27949572349660484	4802.032642409244	9.847874227154849	0	1143.103437874003	1.0845740509810455	50.11616520737674	.3239518913252957	3894.2339616564336	11.001624277822966	0	1180.1599480458437	1.7188453107730646	50.538523963771084	.5821735256142047	4034.9976523262653	14.860058040246045	0	289.9466083609965	.2012153631440702	12.435887780840865	.0514545829792747	978.9584449537198	13.489772636813154	0	1333.894300504005	1.4781623843304574	61.24703343333319	.37477802517927633	4317.598001576549	9.48239326692432	0	31.68463955037171	107.02780473942926	45.21123097654753	1.2651942767621325	3406.4000604464068	9.223727820366431	.41799181547592795	1.12212	.6234000000000001	.77925	.37282000000000026	.12468	.6234000000000001	2.553499999999998	.03117
2.46	1339.3830451483554	1.692173639250985	58.26805995682128	.4653989581265865	4499.482411763482	10.76083502079736	0	1388.7871874784908	1.3031803651293006	60.95004374277678	.398708603576377	4713.224906680391	12.650674536656668	0	1409.4607999462366	1.009887674288696	62.62780785939552	.29282003656623373	4799.824629842762	9.847874227154849	0	1142.3372289940112	1.1221248347913308	50.07802542054039	.33474634633259964	3890.9431886449015	11.00191937785456	0	1179.051027663508	1.758327215304297	50.50931750496164	.5921600560128985	4031.039391144047	14.860058040246045	0	288.97859112203673	.20601351035874668	12.40119325711501	.05329651770449661	975.9480067723001	13.489772636813154	0	1332.932964008509	1.5315012018134726	61.183585727009756	.3859988693694709	4315.600896897449	9.482467537279026	0	31.661484030880366	105.9011455353862	45.206415275035866	1.2750757249972522	3404.5847467178646	9.223727820366431	.41799181547592795	1.12212	.6234000000000001	.77925	.37281000000000025	.12468	.6234000000000001	2.553479999999998	.03117
2.48	1337.9425658808318	1.7493189140114838	58.228590957941876	.4775069493437617	4493.610423900011	10.76083502079736	0	1387.8020432936346	1.3552809176184268	60.90299203864612	.41227502848844544	4709.133266275263	12.650674536656668	0	1408.8755309486098	1.0569925915009901	62.57403919248827	.3063326873300746	4797.568325768928	9.847874227154849	0	1141.5672560660983	1.161076280538774	50.039754353056765	.3456763024718541	3887.649167162186	11.002214493717698	0	1177.950044831535	1.7988262895951415	50.479808066750635	.6022247535317364	4027.0991109184806	14.860058040246045	0	288.03555054850943	.21100190822995724	12.367276549096779	.05520166205278988	973.0089905674063	13.489772636813154	0	1331.970142878385	1.5864995503427852	61.12018050221083	.3972929072191611	4313.597084774089	9.48254180879718	0	31.640970789865722	104.80566249743244	45.20155723800467	1.2849579452279183	3402.8008185164226	9.223727820366431	.41799181547592795	1.12212	.6234000000000001	.77925	.3728000000000003	.12468	.6234000000000001	2.553459999999998	.03117
2.5	1336.5084211918943	1.8080483821142161	58.18884130205224	.48965895898285783	4487.794866111122	10.76083502079736	0	1386.81279796425	1.409069872321733	60.85583027114652	.4259303518667326	4705.042838025038	12.650674536656668	0	1408.277884148154	1.1058629045061679	62.52026833949274	.32001883724276525	4795.264955117126	9.847874227154849	0	1140.7934931730224	1.2014618128651935	50.00136013471344	.3567322871737153	3884.352144635254	11.00250962541366	0	1176.8566427335145	1.8403724336779181	50.450002745852004	.6123668515989493	4023.176212884968	14.860058040246045	0	287.11666677613783	.21618747939663896	12.334110026339083	.05717107833212102	970.1391150723246	13.489772636813154	0	1331.00576100916	1.6431958652466407	61.0568215675179	.408655808824366	4311.586555957227	9.482616081478808	0	31.622899305158136	103.74048171319542	45.196656764294225	1.2948410964480823	3401.047203545007	9.223727820366431	.41799181547592795	1.12212	.6234000000000001	.77925	.3727900000000003	.12468	.6234000000000001	2.553439999999998	.03117
2.52	1335.0804324551536	1.868391855067904	58.14882033624342	.5018503866462211	4482.0346862831075	10.76083502079736	0	1385.8194570368414	1.464583178718826	60.808569627905584	.4396627453472779	4700.953806540011	12.650674536656668	0	1407.6679963777701	1.156541333598098	62.46650363310162	.3338652517420652	4792.915713212426	9.847874227154849	0	1140.0159290079598	1.2433142108902135	49.962850013891355	.36790567759136866	3881.0523817073445	11.002804772943716	0	1175.7704712216773	1.8829952865889634	50.41990711585215	.6225867485011979	4019.2701324105005	14.860058040246045	0	286.2211629461846	.22157713221951042	12.301667325985308	.05920600362245051	967.3362278386544	13.489772636813154	0	1330.039741291245	1.701628002555083	60.993514443091875	.42008152814156946	4309.569300915405	9.482690355323937	0	31.60715638050847	102.70472631037478	45.19171370990337	1.3047253786372561	3399.32291424044	9.223727820366431	.41799181547592795	1.12212	.6234000000000001	.77925	.3727800000000003	.12468	.6234000000000001	2.5534199999999982	.03117
2.54	1333.658422739391	1.930380078258408	58.108535074990584	.5140788733397296	4476.328849084615	10.76083502079736	0	1384.8220199693078	1.5218578327103829	60.76121369291901	.45346790240963586	4696.866358341188	12.650674536656668	0	1407.0459993197908	1.20907217477724	62.412753122115134	.347859110248941	4790.521772733349	9.847874227154849	0	1139.2345325808337	1.286667332679878	49.92423175105053	.3791874981722818	3877.75010406355	11.003099936309141	0	1174.6911907109766	1.9267258358848407	50.38952904795705	.6328825664635116	4015.3803091840937	14.860058040246045	0	285.34826037920715	.22717806712270502	12.269922286366661	.061307343046923986	964.5981637099821	13.489772636813154	0	1329.072006083973	1.7618351469330154	60.930261434405836	.43156723193406427	4307.545311305176	9.482764630332595	0	31.593527281470664	101.69758111669462	45.18672802508956	1.3146108960448486	3397.626923379472	9.223727820366431	.41799181547592795	1.12212	.6234000000000001	.77925	.37277000000000027	.12468	.6234000000000001	2.553399999999998	.03117
2.56	1332.242215322325	1.9940434320588227	58.067993034580454	.5263414890820448	4470.676335941204	10.76083502079736	0	1383.8204853654652	1.5809303447440721	60.71376802762776	.4673396223881368	4692.780668149169	12.650674536656668	0	1406.4120204236608	1.2634989875384652	62.35902319988082	.3619893424367437	4788.084278899875	9.847874227154849	0	1138.4492808543198	1.3315546531231977	49.885512328239074	.3905695533393182	3874.4455416453907	11.003395115511209	0	1173.61846858568	1.9715950713965817	50.35887559566013	.6432529714051322	4011.506209900293	14.860058040246045	0	284.4972135617995	.232997523231028	12.23884976341756	.0634760859297348	961.9228555976861	13.489772636813154	0	1328.102476867084	1.8238562011327373	60.867065658084556	.4431092722297064	4305.51457867954	9.482838906504808	0	31.581849032127668	100.71823832744528	45.18169964256033	1.324497768811933	3395.958263178672	9.223727820366431	.41799181547592795	1.12212	.6234000000000001	.77925	.37276000000000026	.12468	.6234000000000001	2.553379999999998	.03117
2.58	1330.8316341384823	2.059412255075254	58.027201478468854	.5386354826280851	4465.076144689869	10.76083502079736	0	1382.8148496054368	1.6418371099591655	60.666237530841514	.4812724031387549	4688.696902931618	12.650674536656668	0	1405.766182778185	1.3198651526562701	62.305318720933364	.37624651899445755	4785.604351395992	9.847874227154849	0	1137.660150944308	1.378009625144833	49.846698194346885	.40204422404561074	3871.1389178622776	11.003690310551196	0	1172.551979890229	2.017634330241389	50.3279538481653	.6536964103991694	4007.647320906671	14.860058040246045	0	283.667299465141	.23904284526446384	12.208425369761352	.06571319388745604	959.3083008919821	13.489772636813154	0	1327.131074362866	1.8877301886858726	60.803929945438036	.45470428359193366	4303.477094776639	9.482913183840605	0	31.571967930802234	99.76591125929322	45.17662850808782	1.3343861024968173	3394.315996513364	9.223727820366431	.41799181547592795	1.12212	.6234000000000001	.77925	.37275000000000025	.12468	.6234000000000001	2.5533599999999983	.03117
2.6	1329.4265038386684	2.1265165443985063	57.98616748680809	.550958213191751	4459.527289799561	10.76083502079736	0	1381.8051072269602	1.7046140611317362	60.61862837917291	.49525950925275963	4684.615220927666	12.650674536656668	0	1405.1086054517295	1.378213642877361	62.251648186563365	.39061766769699413	4783.083083511808	9.847874227154849	0	1136.867122347655	1.426065444288845	49.80779672626572	.41360301351982043	3867.830450679494	11.003985521430376	0	1171.491408169519	2.064874986362285	50.29677039634796	.6642116023476368	4003.8031527737476	14.860058040246045	0	282.8578217531481	.24532142859946363	12.178625604635126	.06801960544953965	956.7525742915597	13.489772636813154	0	1326.1577188484673	1.9534958647233445	60.74085740276403	.4663486212420837	4301.432851653002	9.482987462340011	0	31.563743284680736	98.83984085537287	45.17151455635361	1.3442760118455597	3392.699227207942	9.223727820366431	.41799181547592795	1.12212	.6234000000000001	.77925	.3727400000000003	.12468	.6234000000000001	2.553339999999998	.03117
2.62	1328.0266498287358	2.195385904935723	57.944897971682984	.5633071360708758	4454.028802145392	10.76083502079736	0	1380.791250996692	1.7692966017666905	60.570948192305195	.5092928057139315	4680.535771788126	12.650674536656668	0	1404.4394036123347	1.4385869518053913	62.19802410286158	.40508591402447963	4780.521542493643	9.847874227154849	0	1136.0701769396428	1.4757550003776134	49.768816307244464	.425236469033135	3864.5203525964876	11.004280748150025	0	1170.4364453581775	2.113348405078031	50.265331285522514	.6747975884838633	3999.973239906092	14.860058040246045	0	282.06811035333095	.25184071246243533	12.149427838933121	.07039623693294764	954.2538265565375	13.489772636813154	0	1325.1823302079827	2.021191652666242	60.67785146343843	.4780383090488042	4299.381841654752	9.483061742003057	0	31.55704705247653	97.93929570309614	45.166357708726295	1.3541676230377402	3391.1070996917583	9.223727820366431	.41799181547592795	1.12212	.6234000000000001	.77925	.3727300000000003	.12468	.6234000000000001	2.553319999999998	.03117
2.64	1326.6318982326459	2.2660504094830825	57.903399493835295	.5756799853613882	4448.579727150907	10.76083502079736	0	1379.773270848015	1.8359205635244686	60.5231997075043	.52336904675992	4676.458700795533	12.650674536656668	0	1403.7586878430936	1.5010276012027446	62.144445687303374	.419647762361668	4777.920774310969	9.847874227154849	0	1135.2692908165593	1.5271115131962587	49.72976134912826	.4369391349804462	3861.208826567673	11.004575990711414	0	1169.3867881925719	2.1630868666220566	50.23364374817954	.6854521734186828	3996.157122021886	14.860058040246045	0	281.297504071749	.25860834911481495	12.120809770502877	.07284396962031543	951.8102317911586	13.489772636813154	0	1324.2048270330438	2.090856772437735	60.614914081768156	.4897708518059841	4297.324056796428	9.483136022829768	0	31.55174852516485	97.06354833173049	45.16115795123437	1.3640609972287323	3389.5387597710574	9.223727820366431	.41799181547592795	1.12212	.6234000000000001	.77925	.3727200000000003	.12468	.6234000000000001	2.5532999999999983	.03117
2.66	1325.242076003436	2.3385396794909394	57.8616784672188	.5880745716198523	4443.179126118649	10.76083502079736	0	1378.7511550333527	1.904521162413265	60.475387135068424	.5374835532626495	4672.384145113448	12.650674536656668	0	1403.066565029734	1.5655775182435427	62.090916060849686	.4342959129363753	4775.281799794176	9.847874227154849	0	1134.4644420704014	1.5801678318018875	49.69063719269147	.4487046763230637	3857.896069850319	11.004871249115823	0	1168.3421414163297	2.214122596575275	50.201714459210464	.6961735105684365	3992.354361055927	14.860058040246045	0	280.54536633457576	.2656320292047881	12.092749914404411	.07536366369679562	949.4200352835236	13.489772636813154	0	1323.2251275823385	2.1625300408098087	60.55204755726783	.5015434052650417	4295.259489297166	9.48321030482017	0	31.54772823771822	96.21189785200465	45.15591525586221	1.3739562078543806	3387.993391368176	9.223727820366431	.41799181547592795	1.12212	.6234000000000001	.77925	.37271000000000026	.12468	.6234000000000001	2.553279999999998	.03117
2.68	1323.857010938294	2.412883119418878	57.819741112109625	.6004888291690014	4437.826075493634	10.76083502079736	0	1377.7248898407352	1.9751332524544647	60.42751429226391	.5516320665912599	4668.312235203481	12.650674536656668	0	1402.363138228883	1.632278145418442	62.03743708183133	.44902442319383135	4772.605616366949	9.847874227154849	0	1133.6556082342047	1.634956600253548	49.6514486036425	.4605273749441363	3854.5822727130158	11.005166523364526	0	1167.3022165813788	2.2664880236685607	50.16955004573028	.7069596489656969	3988.564535096323	14.860058040246045	0	279.81107945247567	.272919530038698	12.065227422165163	.07795615483827438	947.0815361505336	13.489772636813154	0	1322.2431495359194	2.2362501809897926	60.48925400520046	.5133533075677487	4293.188131366523	9.483284587974294	0	31.544872929319386	95.38366255048957	45.15062960342539	1.383853318245908	3386.4702040083985	9.223727820366431	.41799181547592795	1.12212	.6234000000000001	.77925	.37270000000000025	.12468	.6234000000000001	2.553259999999998	.03117
2.7	1322.4765317279528	2.4891094947814194	57.77759331297409	.612920960417273	4432.519667438087	10.76083502079736	0	1376.6944606998043	2.0477906965186374	60.37958579344084	.565809582345699	4664.243092657872	12.650674536656668	0	1401.6485072521643	1.7011700365887314	61.984017540838686	.46382051334209456	4769.893196581382	9.847874227154849	0	1132.8427709553805	1.6915097970249973	49.612202514864386	.4723993809111723	3851.267622805094	11.005461813458796	0	1166.2667330815543	2.320215267530367	50.137156730050755	.7178088176825361	3984.7872455921847	14.860058040246045	0	279.0940523608275	.28047869320329843	12.038222540311851	.08062205362922173	944.7931112472957	13.489772636813154	0	1321.2588105746627	2.312055155277302	60.42653562695569	.5251978070237401	4291.109975408428	9.483358872292165	0	31.543084795627628	94.57818528850201	45.14530096412941	1.3937524006417898	3384.9684475391887	9.223727820366431	.41799181547592795	1.12212	.6234000000000001	.77925	.37269000000000024	.12468	.6234000000000001	2.5532399999999984	.03117
2.72	1321.1004679786267	2.567247372534487	57.7352408091611	.6253692443756074	4427.259008565424	10.76083502079736	0	1375.6598509631635	2.1225270232092672	60.331605637548044	.5800117302324725	4660.176833303364	12.650674536656668	0	1400.9227681912937	1.7722932127615774	61.93066324178858	.47867448124040896	4767.1454908665455	9.847874227154849	0	1132.0259099942582	1.749859213601425	49.57290466420658	.4843140812667646	3847.9522997026097	11.00575711939991	0	1165.2354164909377	2.375336700778151	50.10454074919786	.7287191090596847	3981.0221069457234	14.860058040246045	0	278.3937095582966	.28831744605637305	12.011716004500277	.08336198449005332	942.5531812209503	13.489772636813154	0	1320.2720277539863	2.3899828844185733	60.36389439949208	.5370743753671644	4289.0250136833865	9.48343315777381	0	31.54226890328401	93.79482581487486	45.1399293202425	1.4036535141584348	3383.487391755477	9.223727820366431	.41799181547592795	1.12212	.6234000000000001	.77925	.3726800000000003	.12468	.6234000000000001	2.5532199999999983	.03117
2.74	1319.7286502436039	2.6473252583247837	57.69268926859729	.6378319632183779	4422.043219321313	10.76083502079736	0	1374.621041504912	2.1993756316644406	60.28357671053567	.5942352588996275	4656.113568452063	12.650674536656668	0	1400.18601331544	1.8456872508018651	61.8773734505107	.4935832513428505	4764.363428795909	9.847874227154849	0	1131.2050009751172	1.8100366029265345	49.53355837816268	.49626731833564436	3844.6364729075376	11.006052441189144	0	1164.2079978496633	2.431885133447657	50.07170850145197	.739688373272373	3977.2687422967306	14.860058040246045	0	277.7094866547179	.29644380779638757	11.985688807812478	.0861766701045054	940.3601969023649	13.489772636813154	0	1319.2827173014216	2.4700714794975607	60.301331968994646	.5489808152009064	4286.933238161118	9.483507444419256	0	31.542328281005467	93.03295767887218	45.13451467396414	1.4135566971880038	3382.0263183614516	9.223727820366431	.41799181547592795	1.12212	.6234000000000001	.77925	.3726700000000003	.12468	.6234000000000001	2.553199999999998	.03117
2.76	1318.360910074354	2.72937112062241	57.64994412484691	.6503075675971347	4416.871434673489	10.76083502079736	0	1373.5780119719825	2.2783690819898115	60.23550213818398	.6084767104868788	4652.05340240446	12.650674536656668	0	1399.4383317215336	1.9213908319889277	61.824150222103896	.5085410480571704	4761.547917359027	9.847874227154849	0	1130.3800207269094	1.8720731600980214	49.494167695757845	.5082542585225627	3841.320306831348	11.006347778827774	0	1163.1842148660285	2.489893233573129	50.03866614077197	.7507145403399383	3973.5267918315817	14.860058040246045	0	277.0408392867879	.30486586434211504	11.960122725834433	.08906670335958201	938.2126668326408	13.489772636813154	0	1318.2907952714531	2.5523584878972847	60.238849957572995	.5609149511702489	4284.834640758386	9.483581732228533	0	31.54317453713642	92.29197444723118	45.12905702535085	1.423461988976156	3380.584537883851	9.223727820366431	.41799181547592795	1.12212	.6234000000000001	.77925	.37266000000000027	.12468	.6234000000000001	2.5531799999999985	.03117
2.78	1316.9970800524734	2.813412516861579	57.607010646519484	.6627946075273426	4411.742803516522	10.76083502079736	0	1372.5307404126193	2.3595392834934428	60.18738482203258	.6227328726612256	4647.996433632392	12.650674536656668	0	1398.6798092452696	1.999441820941676	61.7709950828646	.5235427114041351	4758.699842174683	9.847874227154849	0	1129.5509451718049	1.9359996587161055	49.454736230863936	.5202705318134305	3838.0039589207468	11.006643132317075	0	1162.1638112370183	2.5493936977769125	50.005419713332046	.761795522436241	3969.7959087946383	14.860058040246045	0	276.3872389081503	.313591773837177	11.935000098664823	.09203262611117448	936.1091444001021	13.489772636813154	0	1317.2961773586217	2.6368811073275165	60.176449864402564	.5728747298649629	4282.729213198613	9.483656021201666	0	31.54472323205661	91.57128678565262	45.123556379642174	1.4333694225485594	3379.1613820858406	9.223727820366431	.41799181547592795	1.12212	.6234000000000001	.77925	.37265000000000026	.12468	.6234000000000001	2.5531599999999983	.03117
2.8	1315.636993620991	2.899476140984083	57.56389389527661	.6752917793679467	4406.656489601122	10.76083502079736	0	1371.4792056228025	2.442916654252992	60.139227415822596	.6370008568607792	4643.942750408349	12.650674536656668	0	1397.9105298977345	2.079876006760825	61.71791271868582	.538580002878508	4755.820065413818	9.847874227154849	0	1128.7177587388596	2.0018455521322718	49.41526933541154	.5323100243149865	3834.6875915944147	11.006938501658325	0	1161.1465372361606	2.610418458643107	49.971975208764036	.7729290491595974	3966.0757696945116	14.860058040246045	0	275.74818625482493	.3226296013954657	11.910304764838983	.09507445445178604	934.0482693857583	13.489772636813154	0	1316.2987796436018	2.723675264081287	60.11413301502492	.5848582691257689	4280.61694717149	9.483730311338684	0	31.546905635450013	90.87032606136168	45.11801274653161	1.44327902517223	3377.756219399802	9.223727820366431	.41799181547592795	1.12212	.6234000000000001	.77925	.37264000000000025	.12468	.6234000000000001	2.5531399999999986	.03117
2.82	1314.280485495431	2.987588555995065	57.52059882574231	.6877978192120116	4401.61166911799	10.76083502079736	0	1370.4233830334438	2.5285315152469368	60.091032406109846	.6512779134894627	4639.89243936353	12.650674536656668	0	1397.1305735492379	2.1627292222559027	61.6649042807998	.5536483056634426	4752.909430818038	9.847874227154849	0	1127.8804368108026	2.069640506768444	49.3757701148066	.5443689416734796	3831.371350329139	11.007233886852799	0	1160.1321481228235	2.673000051638497	49.938338450250896	.7841130026759792	3962.366053607263	14.860058040246045	0	275.1231847100956	.33198761249914865	11.886020298655977	.0981925369009633	932.0286860604623	13.489772636813154	0	1315.2985173329255	2.812777175711039	60.05190067531888	.5968637471987799	4278.497833927143	9.483804602639612	0	31.549645590743438	90.18853633127227	45.11242614036465	1.4531908188014127	3376.3684236223603	9.223727820366431	.41799181547592795	1.12212	.6234000000000001	.77925	.37263000000000024	.12468	.6234000000000001	2.5531199999999985	.03117
2.84	1312.927391506969	3.077775765726079	57.477130246410034	.7003115467271998	4396.607531558738	10.76083502079736	0	1369.3632469247939	2.6164132955923676	60.04280209083607	.6655615047845733	4635.845581381388	12.650674536656668	0	1396.3400172892384	2.2480361541296636	61.61197086197361	.5687431429339515	4749.968761767567	9.847874227154849	0	1127.0389545865478	2.139413553073019	49.33624146549223	.5564437297801881	3828.0553749047053	11.007529287901772	0	1159.1204046855426	2.737170866623596	49.90451514247542	.7953452632054869	3958.6664517510603	14.860058040246045	0	274.51175295035364	.3416741171181526	11.862130888988792	.10138710691564048	930.0490822073044	13.489772636813154	0	1314.2953054640543	2.9042224800623573	59.9897540041664	.6088894487687367	4276.371864424178	9.48387889510448	0	31.552870559226747	89.52537770716978	45.10679657942867	1.463104820538606	3374.997388391937	9.223727820366431	.41799181547592795	1.12212	.6234000000000001	.77925	.37262000000000023	.12468	.6234000000000001	2.5530999999999984	.03117
2.86	1311.5775486184498	3.1700631399282386	57.43349282286047	.712831863201289	4391.643279579323	10.76083502079736	0	1368.2987707149307	2.706590404053252	59.99453858896045	.6798492992521038	4631.8022513460955	12.650674536656668	0	1395.5389356673124	2.335830160391691	61.55911387695208	.5838597954006274	4746.998861464852	9.847874227154849	0	1126.1932879031046	2.2111929616370216	49.2966862794484	.5685308652383239	3824.739800555692	11.007824704806522	0	1158.1110731357808	2.8029630432667347	49.87051087151995	.8066237035539128	3954.9766678466053	14.860058040246045	0	273.9134256343334	.3516974505841409	11.838621414061711	.10465823283239137	928.1081913359498	13.489772636813154	0	1313.2890590122238	2.998046105076554	59.92769405521767	.6209337632403942	4274.239029309136	9.483953188733313	0	31.556512260325924	88.88032625787842	45.10112408551922	1.4730210430909756	3373.6425277307026	9.223727820366431	.41799181547592795	1.12212	.6234000000000001	.77925	.3726100000000003	.12468	.6234000000000001	2.5530799999999982	.03117
2.88	1310.2307949869653	3.2644754202549415	57.389691092022694	.7253577376638781	4386.718128655823	10.76083502079736	0	1367.2299267895446	2.79909026643694	59.94624385359109	.6941391514870134	4627.762518793807	12.650674536656668	0	1394.7274006956402	2.4261433146871427	61.50633454617983	.598993816604695	4744.000513586612	9.847874227154849	0	1125.3434121885346	2.285006284798681	49.257107183304676	.5806271202978982	3821.42475671704	11.008120137568326	0	1157.103924904638	2.8704085075663825	49.83633110012646	.8179462110855209	3951.2964164393043	14.860058040246045	0	273.3277513747662	.3620659835938072	11.815477332525239	.10800585860100545	926.2047865049097	13.489772636813154	0	1312.2796928692974	3.0942823100160033	59.865721788343386	.6329951736014656	4272.099318872363	9.484027483526141	0	31.560505443049678	88.25287289925924	45.09540868390133	1.4829394948833932	3372.3032736909036	9.223727820366431	.41799181547592795	1.12212	.6234000000000001	.77925	.37260000000000026	.12468	.6234000000000001	2.5530599999999986	.03117
2.9	1308.8869699975946	3.36103626356739	57.345729459423836	.7378882122392029	4381.831308632647	10.76083502079736	0	1366.156688350264	2.8939388684118583	59.89791954228079	.7084292792240218	4623.726444089939	12.650674536656668	0	1393.9054838170234	2.519005027709702	61.45363211419387	.614142815535418	4740.974479715349	9.847874227154849	0	1124.4893111464814	2.360879433785555	49.217507383770105	.5927286926325985	3818.110376282116	11.008415586188459	0	1156.0987387519065	2.9395379868430007	49.801981405840415	.8293103255095211	3947.62543530207	14.860058040246045	0	272.75430692439164	.372787891495382	11.792685637825722	.11142931858185004	924.337723321561	13.489772636813154	0	1311.2671228596002	3.1929638085879093	59.80383797284206	.6450723506418811	4269.952723649376	9.48410177948299	0	31.56481479519873	87.64252061223604	45.08965041229379	1.492860170491865	3370.979100588416	9.223727820366431	.41799181547592795	1.12212	.6234000000000001	.77925	.37259000000000025	.12468	.6234000000000001	2.5530399999999984	.03117
2.92	1307.5459143022103	3.459769146264088	57.30161223097902	.7504223673753859	4376.982059467253	10.76083502079736	0	1365.0790255284367	2.991161600620983	59.849567348740365	.7227178220452358	4619.694087535531	12.650674536656668	0	1393.0732518890443	2.6144448962818028	61.40100793773705	.6293023610153063	4737.921506426219	9.847874227154849	0	1123.6309571359773	2.4388385989548333	49.17788878115331	.6048331441067574	3814.7967750287144	11.0087110506682	0	1155.0952954828936	3.0103831017034555	49.76746693202063	.8407140831141213	3943.963455604687	14.860058040246045	0	272.19266344029177	.3838716565613177	11.770232680545805	.11492840167579543	922.5058378844918	13.489772636813154	0	1310.2512636029487	3.294123571819331	59.74204342680862	.6571639199629346	4267.799232951927	9.484176076603886	0	31.56937322168904	87.04878908508519	45.08384929952197	1.5027830734613241	3369.6694676597826	9.223727820366431	.41799181547592795	1.12212	.6234000000000001	.77925	.37258000000000024	.12468	.6234000000000001	2.5530199999999987	.03117
2.94	1306.2074698520955	3.560696605246545	57.25734360256816	.7629593361103582	4372.169634067548	10.76083502079736	0	1363.996908507335	3.0907825122056876	59.80118877063452	.7370031557905816	4615.665502672445	12.650674536656668	0	1392.2307704813477	2.7124903856275178	61.34846240024251	.644469070116454	4734.842320573689	9.847874227154849	0	1122.7683261436257	2.518908695365552	49.13825342166277	.6169379065591423	3811.4840675040628	11.009006531008826	0	1154.0933816995985	3.0829746975097785	49.732792800838226	.8521553865510061	3940.310223698411	14.860058040246045	0	271.6424113152926	.3953256744481947	11.74810581852748	.1185025219506198	920.7080220068401	13.489772636813154	0	1309.232030230851	3.397793355897164	59.68033884566636	.669268628883465	4265.6388359292705	9.484250374888857	0	31.574128442353217	86.47121028222513	45.07800538123999	1.5127081995451512	3368.3738614172903	9.223727820366431	.41799181547592795	1.12212	.6234000000000001	.77925	.37257000000000023	.12468	.6234000000000001	2.5529999999999986	.03117
2.96	1304.8714799339432	3.663840387658202	57.2129276726758	.7754982915467601	4367.393297254227	10.76083502079736	0	1362.9103068153333	3.1928244338892293	59.752785185472064	.7512837940925462	4611.640738221467	12.650674536656668	0	1391.378103177422	2.81316733451328	61.29599574560625	.659639771605594	4731.737631025198	9.847874227154849	0	1121.9013938563573	2.6011137067240497	49.098603125575785	.6290406631855764	3808.17236299057	11.009302027211612	0	1153.0927886159986	3.1573432303820965	49.69796400069606	.8636321801803886	3936.665494700752	14.860058040246045	0	271.1031530114454	.4071583500809306	11.726292975698984	.1221509237767035	918.9432015827568	13.489772636813154	0	1308.2093379975424	3.504004019312524	59.61872485515817	.6813852948636367	4263.471521247065	9.48432467433793	0	31.579030409758772	85.90932897028226	45.07211869540017	1.522635541568151	3367.0917835343535	9.223727820366431	.41799181547592795	1.12212	.6234000000000001	.77925	.3725600000000002	.12468	.6234000000000001	2.5529799999999985	.03117
2.98	1303.5377894508524	3.7692212320663407	57.16836835734941	.7880385310677998	4362.652326617039	10.76083502079736	0	1361.8191896016588	3.297308985653765	59.70435784985099	.7655583956646432	4607.619837532537	12.650674536656668	0	1390.5153118894375	2.916500142428948	61.243607528413534	.6748120609908342	4728.608127675032	9.847874227154849	0	1121.0301373254042	2.685476503915635	49.05893969942139	.6411391460163912	3804.8617657911627	11.009597539277836	0	1152.093313903437	3.2335182962772233	49.66298547018225	.8751423242250754	3933.0290376318694	14.860058040246045	0	270.5745074069496	.4193779854985113	11.70478277229174	.1258726839820699	917.2103491966928	13.489772636813154	0	1307.183102915727	3.612785200039514	59.55720197882615	.6935128363458548	4261.297277628348	9.484398974951135	0	31.584038714490656	85.36270492077047	45.06618928483328	1.532565086430264	3365.8227605089937	9.223727820366431	.41799181547592795	1.12212	.6234000000000001	.77925	.3725500000000002	.12468	.6234000000000001	2.552959999999999	.03117
3	1302.2062453874905	3.8768585144218783	57.123669235519095	.8005796289082465	4357.94601418929	10.76083502079736	0	1360.7235260544169	3.404256632860359	59.65590788906659	.77982578678423	4603.602837509893	12.650674536656668	0	1389.642457312369	3.0225121565200963	61.19129563535219	.6899852895375519	4725.454479420066	9.847874227154849	0	1120.1545378882147	2.7720185643168263	49.01926530282842	.6532307867975043	3801.552375661129	11.009893067208777	0	1151.0947650412397	3.311527836596465	49.62786224777254	.8866833681795352	3929.400644833223	14.860058040246045	0	270.0561178073051	.4319925877167113	11.683564758798878	.12966672240711383	915.5085073684327	13.489772636813154	0	1306.1532428336968	3.72416479070513	59.495770576229305	.7056503314657735	4259.116094826158	9.4844732767285	0	31.589135788046473	84.83091713880586	45.0602172020158	1.5424968095750562	3364.566361198086	9.223727820366431	.41799181547592795	1.12212	.6234000000000001	.77925	.37254000000000026	.12468	.6234000000000001	2.5529399999999987	.03117
3.02	1300.8766949786332	3.986771580301444	57.078834262743555	.8131207363052829	4353.273657918549	10.76083502079736	0	1359.6232840444327	3.5136861382623494	59.607436406895815	.7940847942947366	4599.589774085125	12.650674536656668	0	1388.7595976411915	3.131223567530109	61.13906065412317	.7051561414882141	4722.277345081446	9.847874227154849	0	1119.2745684032764	2.860760928419665	48.97958088662757	.665314195996078	3798.2442864129152	11.010188611005713	0	1150.0969438964	3.3914013776236644	49.59259880161372	.8982535805556782	3925.780087984454	14.860058040246045	0	269.5476142618321	.4450106740159416	11.662628356228234	.1335317077113361	913.8366791654533	13.489772636813154	0	1305.1196730082797	3.8381709329030516	59.43443114607163	.7177967292103601	4256.927959213332	9.484547579670046	0	31.594267806820895	84.31354282622682	45.054202486564854	1.5524307010736373	3363.3221161994024	9.223727820366431	.41799181547592795	1.12212	.6234000000000001	.77925	.37253000000000025	.12468	.6234000000000001	2.5529199999999985	.03117
3.04	1299.5489874290697	4.098978469578813	57.033867142071166	.825661199783195	4348.634568915927	10.76083502079736	0	1358.5184315125846	3.625614948174744	59.55894440954804	.8083343716098581	4595.58067756492	12.650674536656668	0	1387.8667899739596	3.242653157667297	61.08690197328669	.7203225797746654	4719.077364307416	9.847874227154849	0	1118.3902047425618	2.9517232431472915	48.93988761345617	.677387814898701	3794.9375873461636	11.010484170669919	0	1149.0996603295628	3.4731670322784747	49.557199627182904	.9098510359012735	3922.1671566977175	14.860058040246045	0	269.0486465397618	.45844053486782754	11.641963796867719	.13746612515639584	912.1939239108788	13.489772636813154	0	1304.0823101891237	3.9548301160471624	59.37318406505356	.7299510980119895	4254.732857695996	9.484621883775805	0	31.599397394997894	83.81017541398708	45.04814518490542	1.5623667428202819	3362.0895890106262	9.223727820366431	.41799181547592795	1.12212	.6234000000000001	.77925	.37252000000000024	.12468	.6234000000000001	2.552899999999999	.03117
3.06	1298.222973467907	4.21349623117668	56.98877151378397	.8382003756482578	4344.028069083676	10.76083502079736	0	1357.4089361841761	3.740059009001083	59.51043284293596	.8225735460469744	4591.575574153163	12.650674536656668	0	1386.964090077051	3.3568176995921233	61.034818924532395	.7354826886758278	4715.855160683513	9.847874227154849	0	1117.5014224918286	3.0449239718932657	48.900186459651394	.6894502915401436	3791.6323629549393	11.010779746202674	0	1148.1027281009515	3.556852305570958	49.52166907180403	.9214738864814134	3918.5616467567957	14.860058040246045	0	268.5588740185605	.472290437384083	11.6215618451507	.14146824561701285	910.5793278254166	13.489772636813154	0	1303.0410715128203	4.074167651652481	59.312029670815804	.7421125466173948	4252.530776551324	9.484696189045804	0	31.604488153165256	83.32041877034945	45.04204534422121	1.57230491553983	3360.86835463571	9.223727820366431	.41799181547592795	1.12212	.6234000000000001	.77925	.37251000000000023	.12468	.6234000000000001	2.5528799999999987	.03117
3.08	1296.898505381483	4.330340886402609	56.94355096416437	.8507376221252443	4339.453490869237	10.76083502079736	0	1356.2947656530387	3.857032709654192	59.4619026049022	.8368014056477167	4587.574486108466	12.650674536656668	0	1386.0515525123803	3.4737318745188026	60.98281081054813	.7506346442763463	4712.611342144874	9.847874227154849	0	1116.6081969200563	3.14038034670903	48.86047821908792	.701500475656813	3788.3286930157014	11.011075337605256	0	1147.1059646880988	3.6424840594188965	49.48601133003283	.9331203721434344	3914.963359484973	14.860058040246045	0	268.0779650948691	.4865686209051874	11.601413788125464	.14553611642101613	908.9920023095204	13.489772636813154	0	1301.9958745440813	4.196207622634589	59.25096826883702	.7542802173855352	4250.321701387045	9.48477049548007	0	31.60950425379026	82.84388667434834	45.035903012088916	1.5822451992065345	3359.6579986458455	9.223727820366431	.41799181547592795	1.12212	.6234000000000001	.77925	.3725000000000002	.12468	.6234000000000001	2.5528599999999986	.03117
3.1	1295.5754370462803	4.449527392284988	56.898209034261754	.8632722914939336	4334.910177019272	10.76083502079736	0	1355.1758874656352	3.976548823976938	59.41335455744586	.8510170859985341	4583.5774319017055	12.650674536656668	0	1385.1292307646142	3.5934081903168935	60.93087693288887	.7657766849252337	4709.346501388543	9.847874227154849	0	1115.7105029488862	3.2381083204913668	48.82076350701563	.7135374136402096	3785.026652675282	11.011370944878944	0	1146.1091911035753	3.73008847746511	49.45023043904178	.9447888301818408	3911.372101112911	14.860058040246045	0	267.6055965954422	.5012832925890623	11.58151142592469	.14966755218939232	907.4310822255508	13.489772636813154	0	1300.9466373169146	4.320972832609053	59.19000013933149	.7664532795854665	4248.105617100972	9.484844803078632	0	31.614410036695315	82.3802022892525	45.029718236112544	1.592187573462906	3358.4581162404284	9.223727820366431	.41799181547592795	1.12212	.6234000000000001	.77925	.37249000000000027	.12468	.6234000000000001	2.5528399999999984	.03117
3.12	1294.2536239618405	4.571069604908984	56.852749228659235	.8758037222256202	4330.397480333714	10.76083502079736	0	1354.0522692051645	4.09861845316298	59.364789538949154	.8652197570512609	4579.5844263735535	12.650674536656668	0	1384.1971773683845	3.7158568996128936	60.87901661984554	.7809070816945158	4706.061216285783	9.847874227154849	0	1114.8083151220578	3.3381225191698576	48.781042763897254	.7255603434903826	3781.7263125388577	11.011666568025015	0	1145.1122317127194	3.8196910298947677	49.41433027400506	.9564777052032261	3907.7876821465215	14.860058040246045	0	267.1414531880874	.5164426229997485	11.561847062234909	.15386012567633423	905.895724179937	13.489772636813154	0	1299.8932783757991	4.448484755190854	59.12912554414676	.7786309226942095	4245.882507840511	9.484919111841513	0	31.619169604533628	81.92899763602747	45.02349106355768	1.6021320180385608	3357.268311308026	9.223727820366431	.41799181547592795	1.12212	.6234000000000001	.77925	.37248000000000026	.12468	.6234000000000001	2.5528199999999988	.03117
3.14	1292.9329253701794	4.694979316488552	56.80717409288758	.8883321451491442	4325.914773413294	10.76083502079736	0	1352.9238797997393	4.223252173763244	59.31620772458912	.8794093169649344	4575.595476017434	12.650674536656668	0	1383.2554441183108	3.8410900689251695	60.827227130217366	.7960262949170279	4702.756038809962	9.847874227154849	0	1113.9016193327393	3.4404361322450487	48.74131770106183	.7375673436946397	3778.427738668446	11.01196220704475	0	1144.1149312167638	3.9113135854861008	49.378315299469726	.9681844268417618	3904.2099641473187	14.860058040246045	0	266.685266271925	.532053988663886	11.542413319874102	.15811253614491189	904.3852189753817	13.489772636813154	0	1298.8357217682915	4.578761955701248	59.06834424544116	.7908128225269666	4243.652362507151	9.484993421768745	0	31.62379273967199	81.48994548149751	45.01722156688126	1.6120784834120794	3356.088274744555	9.223727820366431	.41799181547592795	1.12212	.6234000000000001	.77925	.37247000000000025	.12468	.6234000000000001	2.5527999999999986	.03117
3.16	1291.6132018705905	4.821267292177852	56.76148630156495	.9008576162907774	4321.4614368318225	10.76083502079736	0	1351.7906881878725	4.350458582916701	59.26760939397224	.893585559537922	4571.610584786355	12.650674536656668	0	1382.3040821002448	3.9691166860067253	60.77550614286082	.8111344111314196	4699.431508758499	9.847874227154849	0	1112.9903991663884	3.5450609364231513	48.70158963357824	.7495568881879802	3775.130992774581	11.012257861939423	0	1143.117134577065	4.004977682585723	49.342189688605266	.9799067317065439	3900.6388041525315	14.860058040246045	0	266.2367676345417	.5481248403713145	11.523203333948679	.1624230037391765	902.8988575778857	13.489772636813154	0	1297.7738913478395	4.71182181084069	59.00765607839468	.8029985865551973	4241.415168289748	9.485067732860353	0	31.628280816378386	81.06272124542707	45.010909813354836	1.622026925716131	3354.9176916606525	9.223727820366431	.41799181547592795	1.12212	.6234000000000001	.77925	.37246000000000024	.12468	.6234000000000001	2.5527799999999985	.03117
3.18	1290.2943131265486	4.949944265993308	56.71568970542252	.9133789900633819	4317.03684774963	10.76083502079736	0	1350.6526620379996	4.480242896800997	59.218995669995216	.9077473728510659	4567.629759684548	12.650674536656668	0	1381.3431417261725	4.09993795043279	60.7238541524715	.8262286765302775	4696.088166967836	9.847874227154849	0	1112.0746227626576	3.652007316529275	48.661857876776786	.7615293418918865	3771.8361324040384	11.012553532710317	0	1142.1186676970876	4.100707674150343	49.3059564758257	.9916439353509003	3897.0740011882035	14.860058040246045	0	265.7956448519343	.5646635382335314	11.50421093728995	.16678772466672667	901.4358021237387	13.489772636813154	0	1296.7077052951713	4.847682160927131	58.947061502367745	.8151872200975879	4239.170904442594	9.485142045116365	0	31.632574757839578	80.64696633852905	45.004555835830885	1.631977340328991	3353.756152087815	9.223727820366431	.41799181547592795	1.12212	.6234000000000001	.77925	.3724500000000002	.12468	.6234000000000001	2.552759999999999	.03117
3.2	1288.976122175114	5.081019005683819	56.66978743117553	.9258957847930638	4312.640400150215	10.76083502079736	0	1349.509770341439	4.612609364015409	59.170367195115126	.9218941751953251	4563.653000934099	12.650674536656668	0	1380.3726730311494	4.233555699638704	60.67227014391594	.8413079479952132	4692.726532187344	9.847874227154849	0	1111.1542668837449	3.7612840913388146	48.62212270522498	.773484196759993	3768.543210844414	11.01284921935871	0	1141.1193724222426	4.198524845548498	49.26961910163992	1.003394621689731	3893.515392813442	14.860058040246045	0	265.3616216160585	.5816778038615009	11.485430292466134	.17120368542859304	899.995318204007	13.489772636813154	0	1295.6370863078976	4.98635812824968	58.88656060714525	.8273780887326362	4236.919553609869	9.485216358536809	0	31.63664957175156	80.24235407292622	44.99815968545239	1.6419297013036243	3352.603312484527	9.223727820366431	.41799181547592795	1.12212	.6234000000000001	.77925	.3724400000000002	.12468	.6234000000000001	2.5527399999999987	.03117
3.22	1287.6584939256632	5.214498957137753	56.623782575102716	.9384075027804624	4308.271497246184	10.76083502079736	0	1348.361982596449	4.747560321548521	59.12172462284793	.9360253820278813	4559.680305716694	12.650674536656668	0	1379.3927257396285	4.369969274815241	60.62075318192376	.8563710561570665	4689.347109935996	9.847874227154849	0	1110.2293082383917	3.8728985110949132	48.5823842964149	.7854210564845644	3765.2522772778893	11.013144921885878	0	1140.1190937361005	4.298449476983798	49.23318085216882	1.0151574853206704	3889.962819626445	14.860058040246045	0	264.9344281170859	.5991752696501007	11.46685601084777	.17566764077344982	898.5766891987973	13.489772636813154	0	1294.5619580009586	5.127863189588981	58.826153478816906	.8395705639284238	4234.661097708004	9.48529067312171	0	31.64047988620611	79.8485653014644	44.99172141224647	1.6518839836664958	3351.458836520331	9.223727820366431	.41799181547592795	1.12212	.6234000000000001	.77925	.3724300000000002	.12468	.6234000000000001	2.5527199999999985	.03117
3.24	1286.3412951961486	5.350390206233273	56.57767821031923	.9509136239032682	4303.929551249322	10.76083502079736	0	1347.2092688942942	4.885096139132609	59.073068628949564	.9501403939266955	4555.711668323345	12.650674536656668	0	1378.4033493928061	4.509175445668032	60.56930243554971	.871416779360797	4685.950392896245	9.847874227154849	0	1109.2997234701804	3.986856209597043	48.54264273691342	.7973396292909852	3761.963376869068	11.013440640293103	0	1139.1176796056536	4.400500803736702	49.19664485574283	1.0269313395731612	3886.416124708425	14.860058040246045	0	264.5138005176631	.6171634731590119	11.448483142796674	.18017610674708862	897.1792147425347	13.489772636813154	0	1293.4822449557412	5.272209123066534	58.76584020589179	.85176401709886	4232.395517894101	9.485364988871098	0	31.644039619461246	79.46528794316494	44.98524106480022	1.66184016378869	3350.322394263912	9.223727820366431	.41799181547592795	1.12212	.6234000000000001	.77925	.37242000000000025	.12468	.6234000000000001	2.552699999999999	.03117
3.26	1285.0243947493584	5.488697440688649	56.53147739404948	.9634135992187399	4299.61398314067	10.76083502079736	0	1346.0516000053121	5.025215163598026	59.0243999225971	.9642385845450635	4551.747080304097	12.650674536656668	0	1377.4045934759683	4.65116833517699	60.517917202635644	.8864438176303749	4682.536861307915	9.847874227154849	0	1108.3654891458307	4.103161156289582	48.50289802851241	.8092397207322506	3758.676550852802	11.013736374581665	0	1138.1149808265766	4.504696976406278	49.160014079499355	1.0387151245575224	3882.875153067524	14.860058040246045	0	264.0994804271727	.6356498514936104	11.430307167854897	.18472535374189225	895.8022091892412	13.489772636813154	0	1292.3978727691974	5.4194059549940246	58.70562088541302	.8639578136599247	4230.122794534341	9.485439305784999	0	31.64730164971163	79.09221650867714	44.978718689936514	1.671798219757028	3349.1936613711855	9.223727820366431	.41799181547592795	1.12212	.6234000000000001	.77925	.37241000000000024	.12468	.6234000000000001	2.5526799999999987	.03117
3.28	1283.7076633291765	5.629423911912596	56.48518317490008	.9759068445662248	4295.324222440585	10.76083502079736	0	1344.8889474649811	5.167913663227606	58.9757192575699	.9783192885661733	4547.786530617745	12.650674536656668	0	1376.3965075458393	4.79593934435575	60.46659693427259	.9014507666336734	4679.106983362087	9.847874227154849	0	1107.426581743496	4.221815608350406	48.463150094378925	.8211212264834573	3755.3918366220255	11.014032124752841	0	1137.1108508684872	4.611055021151987	49.12329132598029	1.050507915214023	3879.339751082735	14.860058040246045	0	263.6912143759925	.6546417356858583	11.41232398493368	.18931139954630907	894.4450000778148	13.489772636813154	0	1291.3087681029604	5.5694619067226565	58.64549562907232	.8761513070859138	4227.8429071723895	9.485513623863442	0	31.650237484859016	78.7290516257307	44.97215433238985	1.6817581317451902	3348.0723182733846	9.223727820366431	.41799181547592795	1.12212	.6234000000000001	.77925	.37240000000000023	.12468	.6234000000000001	2.5526599999999986	.03117
3.3	1282.3909791007216	5.772570066083738	56.43879645864299	.9883948291626191	4291.059734333603	10.76083502079736	0	1343.7212873253545	5.31318961492202	58.927024940919395	.9923844547029834	4543.829992431327	12.650674536656668	0	1375.3791414185507	4.943487093744647	60.41533533492649	.9164421710632379	4675.661185154275	9.847874227154849	0	1106.4830075733526	4.342821957819234	48.42340068548353	.832982422051975	3752.109273935669	11.014327890807909	0	1136.1051865952566	4.719587000840221	49.086481276403326	1.0623059329126112	3875.8098861846584	14.860058040246045	0	263.28885498924126	.6741447866643548	11.394526950676271	.19393608027377546	893.1072216178748	13.489772636813154	0	1290.2148707672857	5.722381510834539	58.58546311108245	.8883452542069701	4225.555849937563	9.48558794310645	0	31.65292607662998	78.37558718760256	44.9655481157132	1.6917197919007128	3346.9582474144922	9.223727820366431	.41799181547592795	1.12212	.6234000000000001	.77925	.3723900000000002	.12468	.6234000000000001	2.552639999999999	.03117
3.32	1281.074216706121	5.918136210078807	56.3923203669175	1.0008768122555283	4286.8199638545775	10.76083502079736	0	1342.5485927932336	5.461034840102213	58.87831792916215	1.006433218377749	4539.877450397008	12.650674536656668	0	1374.3525451738033	5.093796994532366	60.3641324249357	.9314161454495374	4672.199912932729	9.847874227154849	0	1105.5347419445698	4.466178833034403	48.3836495254546	.8448234161772402	3748.8288925707047	11.014623672748154	0	1135.097845053661	4.830307694909189	49.04958632849278	1.0741086421779067	3872.2854019825427	14.860058040246045	0	262.8921538113886	.6941661562692892	11.37691286765009	.19859469338252142	891.7882136839929	13.489772636813154	0	1289.1161093158466	5.878169277822234	58.52552353738688	.9005389213547929	4223.261600140231	9.485662263514056	0	31.65533171300793	78.03153183179553	44.95890007689533	1.7016831885765435	3345.8511300102723	9.223727820366431	.41799181547592795	1.12212	.6234000000000001	.77925	.3723800000000002	.12468	.6234000000000001	2.552619999999999	.03117
3.34	1279.7572527229813	6.066121138038072	56.34575809574937	1.0133519388250756	4282.604363106323	10.76083502079736	0	1341.3708379940365	5.611438804909836	58.82959932846098	1.020464563761901	4535.928887406285	12.650674536656668	0	1373.3167693430432	5.246851224026325	60.31298862054102	.946370448163492	4668.723602948354	9.847874227154849	0	1104.58175918743	4.591882952189321	48.3438962234525	.8566444347639611	3745.550718550819	11.014919470574851	0	1134.0886843323422	4.9432307476287045	49.012608646693316	1.0859157521247895	3868.766138352893	14.860058040246045	0	262.5008628249715	.7147129179362677	11.359479012696768	.20328208922103796	890.4873163022671	13.489772636813154	0	1288.012413170498	6.036827806070468	58.465677188585786	.9127315044811094	4220.960133732354	9.485736585086284	0	31.65741320257522	77.69659638572789	44.95221024754321	1.7116483159111135	3344.7506439574986	9.223727820366431	.41799181547592795	1.12212	.6234000000000001	.77925	.3723700000000002	.12468	.6234000000000001	2.5525999999999986	.03117
3.36	1278.4399673506725	6.216521686876741	56.299112268939034	1.025819872873691	4278.412399382227	10.76083502079736	0	1340.1879991770518	5.7643897379294335	58.780869641686735	1.0344781254782442	4531.98428066333	12.650674536656668	0	1372.2718650553204	5.4026317089316835	60.2619029494049	.9613043116763734	4665.2326725538	9.847874227154849	0	1103.6240417811828	4.719929654054414	48.30414086055259	.8684452936551152	3742.274776102958	11.015215284289283	0	1133.0775758878965	5.058367468322366	48.97555078370095	1.0977263095685912	3865.251967596629	14.860058040246045	0	262.11476497787794	.7357915852304577	11.342222225807514	.20799451990342543	889.2039581974799	13.489772636813154	0	1286.903716345117	6.198357169730494	58.405923980789424	.9249225571771754	4218.651429990272	9.485810907823163	0	31.659156870529323	77.37052014708587	44.94547867836099	1.721615146570944	3343.6565234946283	9.223727820366431	.41799181547592795	1.12212	.6234000000000001	.77925	.37236000000000025	.12468	.6234000000000001	2.552579999999999	.03117
3.38	1277.1222430988364	6.369333030035828	56.25238547943222	1.0382802685274701	4274.243548113901	10.76083502079736	0	1339.0000538873453	5.91987361612758	58.73212940373764	1.0484735118805932	4528.043605164319	12.650674536656668	0	1371.2178841495145	5.561117551889999	60.210874552630976	.976216900289595	4661.7275281894035	9.847874227154849	0	1102.6615728770855	4.8503123774338155	48.26438352195714	.8802258161837314	3739.0010862187823	11.015511113892728	0	1132.0643941957062	5.175727739121661	48.93841516661035	1.1095394544028163	3861.742763895367	14.860058040246045	0	261.733648293274	.7574084949025199	11.32513963651149	.2127281165069592	887.9375816788496	13.489772636813154	0	1285.7899544931809	6.362755322144177	58.34626383542535	.9371116302657125	4216.33546763238	9.485885231724719	0	31.66054900733628	77.05304855568143	44.93870541856642	1.731583654688932	3342.568508995446	9.223727820366431	.41799181547592795	1.12212	.6234000000000001	.77925	.37235000000000024	.12468	.6234000000000001	2.552559999999999	.03117
3.4	1275.8039648314914	6.524548637400265	56.20558029348347	1.050732766680512	4270.097292680977	10.76083502079736	0	1337.806981057149	6.077874114786831	58.68337918908689	1.0624502968778324	4524.106833827759	12.650674536656668	0	1370.1548793017705	5.722284970782418	60.15990270062425	.991107292926593	4658.208565732883	9.847874227154849	0	1101.6943363301602	4.983022616005443	48.22462430590457	.8919858234945917	3735.72966675138	11.015806959386468	0	1131.0490166545494	5.295319969691651	48.901204096484	1.1213544232975279	3858.2384029299137	14.860058040246045	0	261.3573054915261	.7795697990067683	11.308228649778867	.2174788909463236	886.6876415336643	13.489772636813154	0	1284.6710649743573	6.530018040035301	58.286696683235675	.949298267920719	4214.012224809951	9.48595955679098	0	31.661575696972985	76.74393284612879	44.93189051568465	1.741553816104093	3341.486346444706	9.223727820366431	.41799181547592795	1.12212	.6234000000000001	.77925	.3723400000000002	.12468	.6234000000000001	2.5525399999999987	.03117
3.42	1274.4850198111387	6.682160235217016	56.15869925481972	1.0631769916392555	4265.973124220885	10.76083502079736	0	1336.6087610972502	6.238372557439666	58.63461961933033	1.0764080117579773	4520.173937624824	12.650674536656668	0	1369.0829041529337	5.886107238032871	60.10898680895127	1.0059744659247096	4654.6761708490185	9.847874227154849	0	1100.7223167309514	5.118049873161077	48.184863332578786	.9037251248659324	3732.4605325119887	11.016102820771781	0	1130.0313234912082	5.417151051956653	48.86391974792136	1.133170553397732	3854.738761498767	14.860058040246045	0	260.9855336121234	.8022814570193305	11.291486931923894	.22224273784784587	885.4536039209139	13.489772636813154	0	1283.5469869210951	6.700138867700872	58.227222468274434	.9614820037872809	4211.681679097966	9.486033883021975	0	31.662222645169432	76.4429297005208	44.92503401534194	1.7515256086013007	3340.40978691378	9.223727820366431	.41799181547592795	1.12212	.6234000000000001	.77925	.3723300000000002	.12468	.6234000000000001	2.552519999999999	.03117
3.44	1273.1652977437786	6.8421577719432545	56.11174488700496	1.0756125495055264	4261.870541471465	10.76083502079736	0	1335.4053759819153	6.401347884328438	58.58585136756064	1.0903461403617583	4516.244885699267	12.650674536656668	0	1368.0020134194435	6.052554653332119	60.05812644694087	1.0208172832597684	4651.130719312339	9.847874227154849	0	1099.7454994635873	5.255381623506938	48.14510075170821	.9154435095114698	3729.193695376185	11.01639869804995	0	1129.0111977119468	5.54122630828312	48.82656417103887	1.1449872826671883	3851.243717258397	14.860058040246045	0	260.61813374049825	.8255492257541744	11.27491239147036	.22701544466011533	884.2349455651978	13.489772636813154	0	1282.4176613133134	6.873109066302018	58.167841150320584	.9736623586497711	4209.343807504368	9.48610821041773	0	31.66247507519319	76.14980096916483	44.918135961159	1.761499012042562	3339.3385861731786	9.223727820366431	.41799181547592795	1.12212	.6234000000000001	.77925	.3723200000000002	.12468	.6234000000000001	2.552499999999999	.03117
3.46	1271.8446919005835	7.004536409696752	56.06471756457965	1.0880410864816663	4257.7890894931625	10.76083502079736	0	1334.1968016742824	6.566798569399552	58.537071403099155	1.1042680825764648	4512.319633150498	12.650674536656668	0	1366.912243408344	6.22163411145963	60.00731274564389	1.0356432925993295	4647.572545328427	9.847874227154849	0	1098.7639019289606	5.3950111653451875	48.105335197811684	.9271424921831046	3725.9291756155453	11.016694591222254	0	1127.9885805786769	5.667541688119982	48.78914214970687	1.156800175925364	3847.7532927524785	14.860058040246045	0	260.2550350123035	.8493760403170815	11.258497191768384	.23180245975926467	883.031508699084	13.489772636813154	0	1281.283040644948	7.048923604861517	58.108550830298654	.9858406725416747	4206.998608306763	9.48618253897827	0	31.662397643754133	75.864394024212	44.911196512513676	1.7714738799935272	3338.2726664728807	9.223727820366431	.41799181547592795	1.12212	.6234000000000001	.77925	.3723100000000002	.12468	.6234000000000001	2.5524799999999987	.03117
3.48	1270.5230965052026	7.169279147563559	56.01762077630683	1.1004612023824045	4253.728263538233	10.76083502079736	0	1332.9830271186647	6.734688409301986	58.48828227646267	1.11817135380052	4508.398151606727	12.650674536656668	0	1365.813660500178	6.39329133540222	59.95654963692189	1.0504469785379102	4644.002020851246	9.847874227154849	0	1097.7774966724	5.536918103466206	48.065567629746056	.938820975755545	3722.666974294025	11.016990500289975	0	1126.9633344989877	5.796102850689321	48.75165415292392	1.1686107356780233	3844.2672989781736	14.860058040246045	0	259.895987564136	.8737684441856175	11.242242464347072	.236594815169989	881.8426220999943	13.489772636813154	0	1280.1430653213483	7.227566195738252	58.049352386005104	.9980155741360367	4204.64604718111	9.486256868703624	0	31.661936808927955	75.5864424399155	44.904215653476015	1.781450257065876	3337.2117158472947	9.223727820366431	.41799181547592795	1.12212	.6234000000000001	.77925	.3723000000000002	.12468	.6234000000000001	2.552459999999999	.03117
3.5	1269.2004090050705	7.336371314833739	55.9704567206355	1.1128727084800176	4249.687589287727	10.76083502079736	0	1331.7640384872625	6.904991876549307	58.43948434963073	1.1320557857234528	4504.480403835018	12.650674536656668	0	1364.7063207399365	6.567492722960829	59.90583607782952	1.0652279613227127	4640.41948973409	9.847874227154849	0	1096.786275884287	5.681084627448008	48.025798128383265	.9504788694992625	3719.407096585928	11.017286425254392	0	1125.935357790372	5.926909084698073	48.71410224290278	1.180418184475699	3840.785633483958	14.860058040246045	0	259.54081923858126	.8987311843701317	11.22614594876506	.24138931404544436	880.6678358930262	13.489772636813154	0	1278.9976835678065	7.409021736827751	57.99024559331729	1.0101867716321837	4202.286102345291	9.48633119959382	0	31.661086189806166	75.31573244431092	44.89719343642957	1.7914281133292318	3336.1555230548424	9.223727820366431	.41799181547592795	1.12212	.6234000000000001	.77925	.37229000000000023	.12468	.6234000000000001	2.552439999999999	.03117
3.52	1267.8765294868724	7.505796428804192	55.92322755424605	1.1252754213994058	4245.666599960222	10.76083502079736	0	1330.5398237438062	7.0776812541226	58.390677998776845	1.1459212011233582	4500.56635107487	12.650674536656668	0	1363.5902814061574	6.744202167230408	59.85517108822502	1.0799858380898983	4636.825286764263	9.847874227154849	0	1095.790233235093	5.8274908591028876	47.98602681190897	.962116055391387	3716.1495453182893	11.017582366116788	0	1124.9045521650257	6.059957789041727	48.676488406925536	1.1922217891341382	3837.3081957405557	14.860058040246045	0	259.18936264289596	.9242687268551568	11.210205463260296	.24618283503429533	879.5067127298438	13.489772636813154	0	1277.8468458956424	7.593272728116101	57.93123022613088	1.0223539777800184	4199.918751805318	9.486405531648888	0	31.65983967251454	75.0520554918823	44.890129913043324	1.801407419582388	3335.1038823669123	9.223727820366431	.41799181547592795	1.12212	.6234000000000001	.77925	.3722800000000002	.12468	.6234000000000001	2.552419999999999	.03117
3.54	1266.5513607218063	7.677536162239953	55.87593539392556	1.1376691619741086	4241.664836163355	10.76083502079736	0	1329.3103727267217	7.25272660896994	58.3418636177795	1.159767409951629	4496.655953155307	12.650674536656668	0	1362.4656011173215	6.92338103841523	59.804553757396235	1.0947201751110354	4633.219737978405	9.847874227154849	0	1094.7893639405977	5.9761148157898205	47.9462538430652	.9737323803204142	3712.894321079642	11.017878322878442	0	1123.870822694072	6.195244419207399	48.638814559979444	1.2040208601655884	3833.834886914349	14.860058040246045	0	258.84145490436384	.9503852459164017	11.194418884245156	.2509723446318278	878.358827064266	13.489772636813154	0	1276.690505179095	7.780299222358058	57.87230605834191	1.034516907969416	4197.54397336959	9.48647986486885	0	31.658191324370705	74.79520800281182	44.8830251341921	1.8113881474550764	3334.056593217619	9.223727820366431	.41799181547592795	1.12212	.6234000000000001	.77925	.3722700000000002	.12468	.6234000000000001	2.5523999999999987	.03117
3.56	1265.224808210844	7.851570310835492	55.828582318443125	1.1500537541023212	4237.681845745356	10.76083502079736	0	1328.0756772322952	7.430095765505839	58.29304162173319	1.1735942054176896	4492.74916861196	12.650674536656668	0	1361.332339938247	7.104988165644208	59.75398325068648	1.1094305000395472	4629.60316097782	9.847874227154849	0	1093.783664827107	6.126932373726861	47.906479436392914	.9853276482909126	3709.641422328789	11.018174295540637	0	1122.8340777717885	6.3327624336769075	48.601082547392764	1.2158147512100812	3830.3656096408	14.860058040246045	0	258.4969374256507	.9770846134377438	11.178784125801576	.2557549095310623	877.2237644278574	13.489772636813154	0	1275.5286167322117	7.970078775755155	57.81347286582885	1.0466752783196247	4195.1617446631635	9.486554199253737	0	31.65613530804169	74.54499110222949	44.87587914987684	1.821370269509736	3333.013459853562	9.223727820366431	.41799181547592795	1.12212	.6234000000000001	.77925	.3722600000000002	.12468	.6234000000000001	2.552379999999999	.03117
3.58	1263.8967802299944	8.027876760676017	55.781170370425194	1.1624290236029118	4233.717183646575	10.76083502079736	0	1326.8357310978388	7.609754279110714	58.24421245045937	1.1874013600737277	4488.845954804152	12.650674536656668	0	1360.1905594864854	7.28897981878621	59.70345881612054	1.1241162941571585	4625.975865243815	9.847874227154849	0	1092.7731343966718	6.2799172313035365	47.8667038654746	.9969016126282315	3706.3908455035726	11.018470284104655	0	1121.7942290798294	6.472503240329848	48.563294147470586	1.2276028584667196	3826.9002677978583	14.860058040246045	0	258.15565564016015	1.0043703882282218	11.163299119176163	.2605277089738665	876.1011207055172	13.489772636813154	0	1274.3611383857378	8.162586398633827	57.75473042843462	1.0588288037686613	4192.77204314201	9.486628534803575	0	31.653665795701503	74.30121035946274	44.868692009144894	1.8313537593432831	3331.9742909835854	9.223727820366431	.41799181547592795	1.12212	.6234000000000001	.77925	.3722500000000002	.12468	.6234000000000001	2.552359999999999	.03117
3.6	1262.5671884097208	8.206432540123014	55.73370143372624	1.1747949085288265	4229.770417500314	10.76083502079736	0	1325.5905292242119	7.791667027371784	58.19537613025105	1.2011890845341266	4484.946265818407	12.650674536656668	0	1359.0403214066419	7.47531043701904	59.652978812806	1.1387779913054128	4622.338144918843	9.847874227154849	0	1091.7577731224092	6.435043900257307	47.826926763637886	1.0084546949658826	3703.142585477922	11.018766288571776	0	1120.7511952749687	6.614459747310128	48.525451129310376	1.2393844546452017	3823.4387826860043	14.860058040246045	0	257.81747136862526	1.0322460214236158	11.147961737222262	.2652884939752854	874.9905379132914	13.489772636813154	0	1273.188030915788	8.357796869370397	57.69607834385092	1.0709773799446545	4190.374849478757	9.486702871518393	0	31.650786106559256	74.06368966214782	44.861463773617935	1.8413385769872115	3330.938922948696	9.223727820366431	.41799181547592795	1.12212	.6234000000000001	.77925	.3722400000000002	.12468	.6234000000000001	2.552339999999999	.03117
3.62	1261.2359485647296	8.387215379991876	55.686177052441586	1.1871516217228826	4225.841135928469	10.76083502079736	0	1324.340066101198	7.975800559592863	58.146531628552104	1.2149587030413533	4481.0500493344025	12.650674536656668	0	1357.8816850797082	7.663933707417306	59.60253928082065	1.1534184486713108	4618.690268056247	9.847874227154849	0	1090.7375838516816	6.592292116072567	47.787146093489795	1.0199890448910036	3699.896636182145	11.019062308943282	0	1119.704907422129	6.75863160337911	48.487555336481414	1.2511584453535605	3819.9811168984047	14.860058040246045	0	257.48228108216085	1.0607151631713425	11.132769693037492	.27003625600659603	873.8917570855306	13.489772636813154	0	1272.0092586374035	8.555688156018778	57.63751575333714	1.0831213511795827	4187.9701525287	9.486777209398216	0	31.647522167571964	73.83229171564336	44.85419453739785	1.851324647416716	3329.9072539163662	9.223727820366431	.41799181547592795	1.12212	.6234000000000001	.77925	.3722300000000002	.12468	.6234000000000001	2.552319999999999	.03117
3.64	1259.902976666777	8.570195413263857	55.63859938201736	1.1994987999124775	4221.928904559899	10.76083502079736	0	1323.0843439771102	8.162110736485523	58.09768022553646	1.2287091223815554	4477.157263618593	12.650674536656668	0	1356.7147201725456	7.854796853449702	59.55214140591138	1.1680352639749874	4615.032534376812	9.847874227154849	0	1089.7125701169737	6.751623716581301	47.747363540876705	1.0315029910916647	3696.6529880563976	11.019358345220455	0	1118.6552805701806	6.904997663560556	48.44960826896541	1.2629246301622294	3816.527149008751	14.860058040246045	0	257.1499195846432	1.0897800044988535	11.117720939188496	.274767832344258	872.8043392542111	13.489772636813154	0	1270.8247867994326	8.756223349378866	57.57904277777703	1.0952601074283843	4185.557923639664	9.486851548443072	0	31.643852107783683	73.60681001680527	44.84688432324217	1.8613119727393246	3328.8790642104573	9.223727820366431	.41799181547592795	1.12212	.6234000000000001	.77925	.3722200000000002	.12468	.6234000000000001	2.552299999999999	.03117
3.66	1258.5681929177972	8.755343319775536	55.590970252284094	1.2118363430231223	4218.0333092352	10.76083502079736	0	1321.8233649440517	8.350554902437569	58.04882218642695	1.2424403165204805	4473.2678609495315	12.650674536656668	0	1355.5394944374284	8.047846247777876	59.50178414970338	1.1826283587429416	4611.3652187717735	9.847874227154849	0	1088.6827379362433	6.913005437239426	47.70757919438716	1.0429965139515494	3693.411630785682	11.019654397404578	0	1117.6022417937756	7.053543115423004	48.41161150188148	1.2746824542157988	3813.0767970607276	14.860058040246045	0	256.8202547891659	1.1194428960417868	11.102813232071941	.279481288120912	871.7279399738085	13.489772636813154	0	1269.6345843140655	8.959368434014799	57.52065910128744	1.107393468187638	4183.138142089242	9.48692588865299	0	31.639775722390247	73.38707517881825	44.8395331850934	1.8713005214370115	3327.8541933174934	9.223727820366431	.41799181547592795	1.12212	.6234000000000001	.77925	.3722100000000002	.12468	.6234000000000001	2.5522799999999988	.03117
3.68	1257.2315205705324	8.942627807473588	55.54329145477769	1.2241641575015416	4214.1539426771105	10.76083502079736	0	1320.5571334527663	8.541088150095666	57.99995777782287	1.2561522620282197	4469.381792809929	12.650674536656668	0	1354.3560775602177	8.243025682026074	59.45146649905372	1.1971976625767748	4607.688588891383	9.847874227154849	0	1087.6480953505886	7.07640193260307	47.66779317244179	1.0544695714955024	3690.172552610138	11.019950465496931	0	1116.5457216208497	7.204251161705434	48.373566561614126	1.2864313870516664	3809.629980726764	14.860058040246045	0	256.493158583156	1.149705841954378	11.08804423762712	.28417490415208435	870.6622249100254	13.489772636813154	0	1268.438623027214	9.165086820832338	57.462364404442916	1.1195212592370756	4180.7107873694495	9.487000230027997	0	31.635293240925392	73.17292226413814	44.83214117680213	1.8812902621737642	3326.8324856129016	9.223727820366431	.41799181547592795	1.12212	.6234000000000001	.77925	.3722000000000002	.12468	.6234000000000001	2.552259999999999	.03117
3.7	1255.8928859765792	9.132015585531946	55.49556474396541	1.236482155753001	4210.290404372024	10.76083502079736	0	1319.2856563902715	8.73366330230221	57.95108726890685	1.2698449365768345	4465.499009992191	12.650674536656668	0	1353.1645412582445	8.440276352491189	59.401187467575284	1.2117431106500525	4604.002905420942	9.847874227154849	0	1086.6086524906675	7.24177575543294	47.62800562685094	1.065922095384807	3686.935740435629	11.020246549498799	0	1115.4856540162668	7.357102985519601	48.335474928736836	1.2981709211682562	3806.186621167024	14.860058040246045	0	256.1685066494516	1.180570490353451	11.073411510543952	.28884719161798816	869.6068693057596	13.489772636813154	0	1267.2368777972342	9.373339310082597	57.40415836527675	1.1316433116875013	4178.275839218576	9.487074572568117	0	31.630405289523257	72.96419059746255	44.824708352118265	1.8912811638206752	3325.8137901334417	9.223727820366431	.41799181547592795	1.12212	.6234000000000001	.77925	.3721900000000002	.12468	.6234000000000001	2.552239999999999	.03117
3.72	1254.5522186344376	9.323471337468971	55.447791838471865	1.2487902555786345	4206.44230045151	10.76083502079736	0	1318.008943157491	8.928230894032188	57.902210932651904	1.2835183174379825	4461.619462703957	12.650674536656668	0	1351.9649593781928	8.639536845852803	59.35094609716072	1.2262646412051634	4600.308422356833	9.847874227154849	0	1085.564421643114	7.4090873357986915	47.58821674637227	1.0773539869124618	3683.701179944327	11.02054264941146	0	1114.4219763654646	7.512077715552356	48.29733804093575	1.3099005705932367	3802.7466408883874	14.860058040246045	0	255.84617828737981	1.2120381237624112	11.058912473470969	.293496906745325	868.5615574470736	13.489772636813154	0	1266.0293265736539	9.584084054365785	57.346040660282014	1.1437594610287158	4175.833277653032	9.487148916273382	0	31.625112853180866	72.76072357870159	44.81723476468233	1.901273195481035	3324.797960349635	9.223727820366431	.41799181547592795	1.12212	.6234000000000001	.77925	.3721800000000002	.12468	.6234000000000001	2.552219999999999	.03117
3.74	1253.2094512375584	9.516957694264617	55.39997442230494	1.2610883796127736	4202.609243573829	10.76083502079736	0	1316.7270057468897	9.124739154330054	57.853329047028296	1.2971723799805426	4457.743100673645	12.650674536656668	0	1350.7574079939834	8.840743124883224	59.30074145950643	1.2407621930501829	4596.6053872825605	9.847874227154849	0	1084.5154173169578	7.578294960183287	47.548426760268335	1.0887651129984572	3680.468855705301	11.020838765236203	0	1113.354629458099	7.669152391267968	48.25915729593326	1.321619869451739	3799.309963603435	14.860058040246045	0	255.5260562338343	1.2441096495552366	11.044544396223312	.29812306548908585	867.5259821291626	13.489772636813154	0	1264.8159504758944	9.797276521634949	57.288010965412546	1.1558695461774358	4173.383082999199	9.487223261143818	0	31.619417238020624	72.5623684959486	44.8097204680168	1.9112663265154217	3323.7848539381953	9.223727820366431	.41799181547592795	1.12212	.6234000000000001	.77925	.3721700000000002	.12468	.6234000000000001	2.552199999999999	.03117
3.76	1251.8645156410137	9.71244350321837	55.35211414350077	1.2733764328836603	4198.790862797606	10.76083502079736	0	1315.4398477323177	9.323148768088837	57.8044416453274	1.310807361385291	4453.869874720725	12.650674536656668	0	1349.5419490838337	9.04385040814929	59.250572271765186	1.2552361343638236	4592.894038342156	9.847874227154849	0	1083.4616485977338	7.749363590805822	47.50863476159469	1.1001565088132852	3677.238748815486	11.021134896974306	0	1112.2835630616732	7.828304364253023	48.22093405593633	1.3333282787820673	3795.8765285764807	14.860058040246045	0	255.20803810038268	1.2767857608643098	11.030307545400392	.3027221311533662	866.4998757597187	13.489772636813154	0	1263.5967284050828	10.012879551664561	57.230068851396545	1.1679735100229176	4170.9252412208025	9.487297607179451	0	31.613319767781935	72.36898836858693	44.80216552028148	1.9212605207008169	3322.774344487479	9.223727820366431	.41799181547592795	1.12212	.6234000000000001	.77925	.3721600000000002	.12468	.6234000000000001	2.552179999999999	.03117
3.78	1250.5173475437527	9.909894381654215	55.30421261828031	1.2856543270906124	4194.98679211774	10.76083502079736	0	1314.1474769362906	9.523416076191356	57.755548802234316	1.324423458001403	4449.999735198124	12.650674536656668	0	1348.3186492731909	9.248808296154259	59.20043733620832	1.2696867704628323	4589.1746082661875	9.847874227154849	0	1082.4031279708518	7.922254807085628	47.46884005089644	1.1115290037052483	3674.010839814399	11.021431044627052	0	1111.2087295580272	7.989508497296749	48.18266964882891	1.3450252892844505	3792.446274033214	14.860058040246045	0	254.89202300490496	1.3100667334709706	11.016201563747124	.3072912390641126	865.4829739021686	13.489772636813154	0	1262.3716433301925	10.230851858413367	57.17221390474059	1.1800712832291513	4168.459737937946	9.48737195438031	0	31.60682204785366	72.18044810062317	44.79456997885535	1.9312557429162311	3321.766307720546	9.223727820366431	.41799181547592795	1.12212	.6234000000000001	.77925	.3721500000000002	.12468	.6234000000000001	2.552159999999999	.03117
3.8	1249.1678914718468	10.109262658830742	55.25627143539626	1.2979220064945407	4191.196658264408	10.76083502079736	0	1312.8499189149716	9.725475185666657	57.70665093840266	1.3380205031437058	4446.13263032661	12.650674536656668	0	1347.0875997886667	9.455534282840189	59.15033600834508	1.2841138197612456	4585.447328641324	9.847874227154849	0	1081.3398807137366	8.096916095157363	47.42904356694726	1.1228817581412698	3670.785111780984	11.021727208195726	0	1110.1300771675758	8.152734183810542	48.14436536925189	1.3567105308363578	3789.0191195019556	14.860058040246045	0	254.5778973465722	1.3439522101246857	11.002221615703577	.3118316297321434	864.4749764857146	13.489772636813154	0	1261.1406889773582	10.45113578801369	57.11444585652782	1.1921626605517956	4165.986552055613	9.487446302746422	0	31.599926248906637	71.9965997468213	44.78693389456712	1.9412519662609347	3320.7606068381865	9.223727820366431	.41799181547592795	1.12212	.6234000000000001	.77925	.3721400000000002	.12468	.6234000000000001	2.552139999999999	.03117
3.82	1247.816091996367	10.310505297124202	55.20829215177494	1.3101794000246203	4187.420102202887	10.76083502079736	0	1311.5471930470687	9.929269928226608	57.657748278868816	1.3515985393947698	4442.268509469327	12.650674536656668	0	1345.8488810290166	9.663961109557984	59.10026736360336	1.2985173444143037	4581.712423041053	9.847874227154849	0	1080.2719282764529	8.273299953033852	47.389245336761185	1.13421487027591	3667.561545101115	11.02202338768161	0	1109.0475620270388	8.317950583692484	48.1060224848254	1.3683835725516198	3785.594997015768	14.860058040246045	0	254.26555975852722	1.378441559790301	10.988365225882461	.3163425471098881	863.4756157196871	13.489772636813154	0	1259.9038580807805	10.673679119267106	57.056764354761306	1.2042475194791968	4163.505667252537	9.487520652277814	0	31.592634494153515	71.8173083532074	44.77925732199382	1.951249159388342	3319.7571181087706	9.223727820366431	.41799181547592795	1.12212	.6234000000000001	.77925	.3721300000000002	.12468	.6234000000000001	2.552119999999999	.03117
3.84	1246.4618969435337	10.513577437906925	55.16027629574195	1.3224264376648212	4183.656771273519	10.76083502079736	0	1310.2393212018824	10.134742391317648	57.608841048634076	1.365157611621993	4438.407322102513	12.650674536656668	0	1344.6025753852784	9.8740197881076	59.05023049781268	1.3128974136534608	4577.970109860463	9.847874227154849	0	1079.1992943233383	8.451357020630175	47.349445393580105	1.1455284370948993	3664.340119491552	11.022319583085988	0	1107.96114384217	8.485124701094863	48.06764223789128	1.380043992435156	3782.1738397474023	14.860058040246045	0	253.95491192928432	1.4135337360228395	10.974629801958818	.3208234435773919	862.4846310480086	13.489772636813154	0	1258.6611466970164	10.89842720659809	56.999169047247804	1.2163257406435788	4161.017067910258	9.487595002974512	0	31.584949027520864	71.64244244952759	44.77154031576101	1.9612472910758516	3318.755721395409	9.223727820366431	.41799181547592795	1.12212	.6234000000000001	.77925	.3721200000000002	.12468	.6234000000000001	2.552099999999999	.03117
3.86	1245.1052574327628	10.718432394993735	55.11222536824176	1.3346630498376266	4179.906319097706	10.76083502079736	0	1308.926327789768	10.341832936276608	57.559929473256766	1.378697766125159	4434.549017924631	12.650674536656668	0	1343.3487672984159	10.085639640100718	59.00022452778255	1.3272541023401956	4574.220602584195	9.847874227154849	0	1078.122004780523	8.631036080531562	47.309643777539094	1.1568225533673349	3661.1208141044735	11.022615794410141	0	1106.8707858851008	8.654221355596423	48.029225848440284	1.3916913757263474	3778.755581903786	14.860058040246045	0	253.64585845227305	1.4492272678292253	10.961012621647315	.3252739876962206	861.5017686926919	13.489772636813154	0	1257.4125542703073	11.125322967792444	56.94165958233981	1.2283972071176894	4158.5207391579615	9.487669354836546	0	31.576872175260387	71.47187389169953	44.76378293054576	1.971246330235562	3317.7562999576253	9.223727820366431	.41799181547592795	1.12212	.6234000000000001	.77925	.37211000000000016	.12468	.6234000000000001	2.5520799999999992	.03117
3.88	1243.7461279147121	10.925021648088377	55.06414084405742	1.3468891667877514	4176.16840548392	10.76083502079736	0	1307.6082398125975	10.550480216486543	57.51101377944441	1.3922190497839937	4430.693546965495	12.650674536656668	0	1342.0875433169617	10.298748336323461	58.95024859188085	1.3415874895198214	4570.464110054376	9.847874227154849	0	1077.040087883448	8.812284058761291	47.26984053633163	1.1680973105978798	3657.9036076320144	11.022912021655355	0	1105.7764549916837	8.825203153374616	47.99077451703957	1.4033253132424102	3775.340158620508	14.860058040246045	0	253.33830667538177	1.485520250530009	10.947510819679524	.3296940719633649	860.5267811973386	13.489772636813154	0	1256.1580836979062	11.354306871735735	56.884235609677596	1.2404618037114512	4156.016666917292	9.487743707863942	0	31.568406307560092	71.30547770426357	44.75598522107961	1.9812462459249895	3316.758740253027	9.223727820366431	.41799181547592795	1.12212	.6234000000000001	.77925	.3721000000000002	.12468	.6234000000000001	2.552059999999999	.03117
3.9	1242.3844662093281	11.13329483622992	55.016024173030125	1.3591047179658584	4172.442696333705	10.76083502079736	0	1306.2850869142214	10.760621195532561	57.46209419564589	1.405721509205724	4426.840859695408	12.650674536656668	0	1340.8189921546596	10.513271936099082	58.900301850612166	1.355897656975295	4566.7008367385615	9.847874227154849	0	1075.9535742243843	8.995046025548579	47.230035725874906	1.1793527959789598	3654.688478410796	11.023208264822912	0	1104.6781215588364	8.99803045837785	47.95228942775997	1.4149453997217667	3771.927505856305	14.860058040246045	0	253.03216655050127	1.5224103366210924	10.934121374781215	.3340838205651445	859.5594269706365	13.489772636813154	0	1254.8977413954058	11.585316926151723	56.82689678093121	1.2525194162686075	4153.504837947188	9.487818062056729	0	31.559553800155523	71.14313192283421	44.74814724215155	1.9912470073577841	3315.7629317389783	9.223727820366431	.41799181547592795	1.12212	.6234000000000001	.77925	.3720900000000002	.12468	.6234000000000001	2.552039999999999	.03117
3.92	1241.0202267033249	11.343208784220334	54.96787670384823	1.3713096712719401	4168.728874847084	10.76083502079736	0	1304.9568874712497	10.97219986594827	57.41317094947576	1.4192052178863352	4422.990898105747	12.650674536656668	0	1339.5431840588794	10.72914238835099	58.85038364411664	1.3701845978752367	4562.930955870462	9.847874227154849	0	1074.8624821613043	9.179280550942261	47.19022903537025	1.1905895145226473	3651.4753989408346	11.023504523914097	0	1103.5757550525886	9.172680806909302	47.9137706991212	1.426552126565661	3768.5175869282693	14.860058040246045	0	252.72736790393986	1.5598967757873283	10.9208475354118	.33843773536631855	858.5995231799302	13.489772636813154	0	1253.631524766886	11.818304715512836	56.76964266912241	1.26457000512551	4150.985244471345	9.487892417414932	0	31.55031565541109	70.98472920922735	44.74026904260504	2.001248588010846	3314.7687773912485	9.223727820366431	.41799181547592795	1.12212	.6234000000000001	.77925	.3720800000000002	.12468	.6234000000000001	2.5520199999999993	.03117
3.94	1239.6533741344942	11.554709344103859	54.919699840865476	1.383503952340198	4165.026618722172	10.76083502079736	0	1303.6236766957888	11.18514978335039	57.364244274672195	1.4326702190640037	4419.143613961134	12.650674536656668	0	1338.2602124437026	10.946282576520495	58.80049317741327	1.38444839599533	4559.154664230602	9.847874227154849	0	1073.7668472820708	9.364928849690696	47.150420542754304	1.2018075376243111	3648.2643472145137	11.023800798930194	0	1102.469333026762	9.349109806851596	47.87521950099972	1.4381450828693099	3765.1103388712404	14.860058040246045	0	252.42382527835653	1.5979762879501265	10.907685867912612	.34275648300456624	857.6468380866198	13.489772636813154	0	1252.3594475805223	12.053203135617741	56.71247293298214	1.2766134553773787	4148.457875014126	9.48796677393858	0	31.540694157754427	70.83015303646977	44.73235067741002	2.0112509574032424	3313.776171969694	9.223727820366431	.41799181547592795	1.12212	.6234000000000001	.77925	.3720700000000002	.12468	.6234000000000001	2.551999999999999	.03117
3.96	1238.2838771602792	11.767739931564263	54.87149497209046	1.3956874816200768	4161.335610747601	10.76083502079736	0	1302.2854934835216	11.39940231318675	57.315314408693155	1.446116551360639	4415.298960369817	12.650674536656668	0	1336.9701743807075	11.164613414839973	58.75062966938597	1.3986891392436422	4555.372156758671	9.847874227154849	0	1072.6667086074413	9.551929303870208	47.11061036013561	1.2130069022374226	3645.0553015385053	11.024097089872487	0	1101.3588368745575	9.527269497464715	47.836637062642914	1.4497237996432952	3761.7056975277783	14.860058040246045	0	252.12145425811104	1.6366449921165878	10.894632332949865	.34704135887455245	856.7011410455422	13.489772636813154	0	1251.0815281220089	12.289941560795837	56.65538724068934	1.2886496463138664	4145.922718779422	9.488041131627698	0	31.530691567480147	70.67928866527035	44.724392201985786	2.021254084981097	3312.7850119555237	9.223727820366431	.41799181547592795	1.12212	.6234000000000001	.77925	.37206000000000017	.12468	.6234000000000001	2.551979999999999	.03117
3.98	1236.9117059608902	11.9822447347021	54.82326344284451	1.4078601879482098	4157.655542730598	10.76083502079736	0	1300.9423754951563	11.614889745907016	57.266381592180956	1.4595442579010476	4411.45688867905	12.650674536656668	0	1335.673163292186	11.384056543721814	58.70079240921849	1.4129068862120577	4551.5836171654055	9.847874227154849	0	1071.5621034278936	9.74022292928038	47.07079850076168	1.2241877604584896	3641.848238650073	11.024393396742258	0	1100.2442502279137	9.707115241529294	47.79802430113856	1.46128806652207	3758.3036069255377	14.860058040246045	0	251.82017751984614	1.6758991266461833	10.881684564398688	.35129220835991803	855.7622210386698	13.489772636813154	0	1249.7977847765753	12.52845154477762	56.59838524163122	1.3006784771140572	4143.379767326694	9.488115490482317	0	31.520309605193358	70.53202717700917	44.71639367006609	2.031257941586439	3311.795199167723	9.223727820366431	.41799181547592795	1.12212	.6234000000000001	.77925	.37205000000000016	.12468	.6234000000000001	2.5519599999999993	.03117
4	1235.5368340844443	12.198166321209413	54.775006577436386	1.4200219974022823	4153.9861124179915	10.76083502079736	0	1299.5943628946632	11.831543016655505	57.217446070391276	1.4729533780600181	4407.6173509693235	12.650674536656668	0	1334.3692744743273	11.604532397939725	58.65098071551859	1.4271016884807894	4547.789225366814	9.847874227154849	0	1070.4530712182832	9.929749319872897	47.03098497890899	1.2353502666865155	3638.6431352971813	11.024689719540795	0	1099.125560140802	9.888600560090241	47.759382102247734	1.4728376938312695	3754.90401213399	14.860058040246045	0	251.51992007990347	1.7157344987814338	10.868840155371894	.35550898310845835	854.8298721249499	13.489772636813154	0	1248.508239421623	12.768662568407509	56.541466588654195	1.312699846551465	4140.829013405185	9.488189850502462	0	31.50954976755291	70.38826220616309	44.70835513528874	2.0412624983857617	3310.8066377335913	9.223727820366431	.41799181547592795	1.12212	.6234000000000001	.77925	.3720400000000002	.12468	.6234000000000001	2.551939999999999	.03117
4.02	1234.1592384745127	12.415445645681688	54.72672568026314	1.4321728327459322	4150.327023419554	10.76083502079736	0	1298.2414983783083	12.049291736782328	57.16850809378043	1.486343946652882	4403.780300149634	12.650674536656668	0	1333.0586051231023	11.825960257445054	58.60119393713726	1.4412735890341846	4543.9891577104845	9.847874227154849	0	1069.3396536628907	10.12044667208899	46.99116980997166	1.246494577224774	3635.4399683344545	11.02498605826938	0	1098.0027570796797	10.071677133474424	47.720711321717374	1.4843725123039737	3751.5068591997983	14.860058040246045	0	251.22060917060813	1.7561464786550598	10.856096655080703	.3596917397882785	853.9038930656934	13.489772636813154	0	1247.2129174727202	13.01050205201911	56.48463093868101	1.3247136524045189	4138.270451005783	9.488264211688161	0	31.498413286824935	70.24788980082802	44.70027665118931	2.0512677268870263	3309.819233906865	9.223727820366431	.41799181547592795	1.12212	.6234000000000001	.77925	.3720300000000002	.12468	.6234000000000001	2.551919999999999	.03117
4.04	1232.7788994976656	12.634022056929826	54.67842203691081	1.4443126128736532	4146.677985131358	10.76083502079736	0	1296.8838272036876	12.268064225354555	57.119567918592665	1.4997159931260717	4399.945690052757	12.650674536656668	0	1331.7412543601492	12.048258298183153	58.55143145398795	1.4554226206765297	4540.183587201877	9.847874227154849	0	1068.2218946804712	10.312251809196866	46.95135301055025	1.2576208498825827	3632.2387148191383	11.025282412929299	0	1096.8758349139423	10.256294802308386	47.68201278659287	1.495892372796975	3748.112095082203	14.860058040246045	0	250.922174116553	1.7971299932971387	10.843451565695458	.363840638843949	852.9840869499657	13.489772636813154	0	1245.911847929594	13.25389536781054	56.427877953327716	1.3367197908670516	4135.704075412877	9.488338574039442	0	31.486901090436312	70.11080828324117	44.692158271194934	2.061273598956669	3308.832895885839	9.223727820366431	.41799181547592795	1.12212	.6234000000000001	.77925	.3720200000000002	.12468	.6234000000000001	2.551899999999999	.03117
4.06	1231.39580097102	12.853833305292046	54.63009691525529	1.4564412522556949	4143.038712659119	10.76083502079736	0	1295.52139721876	12.487787540667323	57.07062580744744	1.5130695407476764	4396.113475530517	12.650674536656668	0	1330.4173232586588	12.27134364290964	58.50169267786578	1.4695488044478549	4536.372683730634	9.847874227154849	0	1067.0998404493023	10.505100205629104	46.91153459854046	1.2687292435770767	3629.03935210706	11.025578783521834	0	1095.7447909063758	10.442401568535978	47.64328729653063	1.5073971460070401	3744.7196675883943	14.860058040246045	0	250.62454621088338	1.8386795206422464	10.830902339206355	.36795594325266057	852.0702608199766	13.489772636813154	0	1244.6050634221267	13.49876585221964	56.3712072995208	1.3487181559587829	4133.129883256218	9.488412937556332	0	31.47501376052821	69.97691811030339	44.68400004861802	2.0712800868366017	3307.847533631491	9.223727820366431	.41799181547592795	1.12212	.6234000000000001	.77925	.3720100000000002	.12468	.6234000000000001	2.5518799999999993	.03117
4.08	1230.0099142321285	13.074835429986791	54.58175115946985	1.4685590139120652	4139.408944808656	10.76083502079736	0	1294.154232738693	12.708413654957202	57.02168183089169	1.5264048594833772	4392.283604996421	12.650674536656668	0	1329.0868827111906	12.495164270013207	58.45197667473264	1.4836526302297735	4532.556592278388	9.847874227154849	0	1065.973520454709	10.69894571474281	46.87171493519718	1.2798196450342636	3625.841849132117	11.025875170048273	0	1094.6096259911046	10.62995525831357	47.60453585139091	1.5188862036611146	3741.3295600367533	14.860058040246045	0	250.3276907018384	1.8807914489826865	10.818451167916717	.372034279176559	851.1623227398287	13.489772636813154	0	1243.2925779030388	13.745059551775883	56.31461838714232	1.3607088896243376	4130.547876844458	9.488487302238859	0	31.462772248248275	69.84614934401144	44.675802037503495	2.081287159106789	3306.8631075277594	9.223727820366431	.41799181547592795	1.12212	.6234000000000001	.77925	.37200000000000016	.12468	.6234000000000001	2.551859999999999	.03117
4.1	1228.6212372540554	13.296954071195458	54.53338618828171	1.4806656429044587	4135.788399754699	10.76083502079736	0	1292.7823986334597	12.929855449363902	56.97273635551408	1.53972184379656	4388.456039020766	12.650674536656668	0	1327.7500522252406	12.719621029637146	58.40228309273807	1.4977338740593813	4528.735487078322	9.847874227154849	0	1064.842993998667	10.893712330545876	46.831893887570644	1.2908923368483307	3622.646188097772	11.026171572509899	0	1093.4703440598394	10.81889495780499	47.565759098287515	1.5303596883378918	3737.9417061279714	14.860058040246045	0	250.03152801646465	1.9234582769262705	10.80609323952525	.3760777910291504	850.2600427379643	13.489772636813154	0	1241.9744414472689	13.992684651983067	56.2581110137842	1.372691767093919	4127.958053729242	9.488561668087048	0	31.45016699554361	69.71839388279854	44.66756429053198	2.0912947906333925	3305.8795085630913	9.223727820366431	.41799181547592795	1.12212	.6234000000000001	.77925	.37199000000000015	.12468	.6234000000000001	2.5518399999999994	.03117
4.12	1227.2297622524447	13.520124866794093	54.4850031689991	1.492761084030949	4132.176811670398	10.76083502079736	0	1291.4059472245995	13.152039859455185	56.92378964016144	1.5530205272404856	4384.630735081536	12.650674536656668	0	1326.4069346149695	12.944632419030157	58.35261139398702	1.5117925761897102	4524.909527107458	9.847874227154849	0	1063.7083116690374	11.089334242626553	46.79207152337165	1.3019474426428255	3619.4523466609685	11.026467990908	0	1092.3269525364205	11.009164707131568	47.5269577926242	1.5418174597170957	3734.5560604355137	14.860058040246045	0	249.7359988739218	1.9666734131779982	10.79382647300282	.3800865456875193	849.3632504040147	13.489772636813154	0	1240.650694883715	14.241561739629782	56.201684831096735	1.3846667056068453	4125.360415455962	9.48863603510093	0	31.437200061219745	69.59356141591736	44.65928686074752	2.1013029543485624	3304.8966573790635	9.223727820366431	.41799181547592795	1.12212	.6234000000000001	.77925	.37198000000000014	.12468	.6234000000000001	2.5518199999999993	.03117
4.14	1225.8354845820613	13.744282410674584	54.436603244867634	1.504845284785389	4128.5739206092885	10.76083502079736	0	1290.0249328491975	13.374893376788053	56.87484194714636	1.566300940654798	4380.807651857308	12.650674536656668	0	1325.0576338999979	13.170116927221143	58.30296106574198	1.525828771512459	4521.078868550466	9.847874227154849	0	1062.5695259120018	11.285744909661544	46.75224792099623	1.3129850783460333	3616.2603029281368	11.026764425243856	0	1091.1794622074851	11.200707019915386	47.48813267364449	1.5532593824837617	3731.1725790398445	14.860058040246045	0	249.44104631542896	2.010429855872253	10.781648851233218	.3840606088234009	848.4717803568184	13.489772636813154	0	1239.3213822648195	14.491610068716396	56.14533949156096	1.3966336244935846	4122.754965235938	9.488710403280528	0	31.423873545361136	69.47156393884103	44.650969801077004	2.1113116235208245	3303.914476942861	9.223727820366431	.41799181547592795	1.12212	.6234000000000001	.77925	.3719700000000002	.12468	.6234000000000001	2.551799999999999	.03117
4.16	1224.4384028664088	13.969360132894758	54.388187538774986	1.516918192540982	4124.979472313064	10.76083502079736	0	1288.6394120562	13.598341913196005	56.82589354410758	1.5795631097334022	4376.986749370829	12.650674536656668	0	1323.70225553699	13.395992882057094	58.25333162366346	1.5398424848894932	4517.243665166799	9.847874227154849	0	1061.4266911784991	11.482876957721306	46.71242316742686	1.3240053535383547	3613.0700356075504	11.027060875518758	0	1090.0278872110816	11.39346280970229	47.449284464296866	1.5646853293612386	3727.791219241669	14.860058040246045	0	249.14661537515713	2.054720171449486	10.769558387211598	.3880000675699761	847.5854712465186	13.489772636813154	0	1237.9865510555462	14.7427474146237	56.089074650787765	1.4085924429827261	4120.141707970885	9.488784772625873	0	31.41018941612782	69.3523154371796	44.642613164318405	2.121320771798023	3302.932892052981	9.223727820366431	.41799181547592795	1.12212	.6234000000000001	.77925	.3719600000000002	.12468	.6234000000000001	2.551779999999999	.03117
4.18	1223.038519008	14.195290328512982	54.339757153911	1.528979754377919	4121.3932181544915	10.76083502079736	0	1287.2494436071347	13.822310860603498	56.77694470438181	1.5928070544896622	4373.167989076116	12.650674536656668	0	1322.340906410723	13.62217853550976	58.203722612219416	1.5538337300906786	4513.404068493165	9.847874227154849	0	1060.2798639287294	11.68066222593891	46.67259735869149	1.3350083707586258	3609.88152409574	11.027357341733989	0	1088.8722450274336	11.587371403604992	47.410413872792326	1.5760951802660768	3724.411939534912	14.860058040246045	0	248.85265299127718	2.099536491224251	10.757553126094924	.39190502523104453	846.7041654854482	13.489772636813154	0	1236.6462521551734	14.994890113265287	56.032889967850274	1.4205430798828658	4117.520650309419	9.488859143136994	0	31.396149491778576	69.23573177709366	44.6342170031355	2.131330373219933	3301.951829210236	9.223727820366431	.41799181547592795	1.12212	.6234000000000001	.77925	.37195000000000017	.12468	.6234000000000001	2.5517599999999994	.03117
4.2	1221.6358381986265	14.422004186422896	54.291313174427714	1.5410299169110282	4117.814915080311	10.76083502079736	0	1285.855088476832	14.046725150840564	56.727995707375534	1.6060327887216124	4369.351333945546	12.650674536656668	0	1320.9736948251566	13.848592148982467	58.15413360509464	1.5678025087317249	4509.560228045985	9.847874227154849	0	1059.1291026366555	11.87903181217905	46.632770600322466	1.3459942248104453	3606.6947485639103	11.027653823890835	0	1087.7125564697023	11.782370555946322	47.37152159416191	1.587488821462926	3721.0346995796936	14.860058040246045	0	248.55910791700785	2.144870507953278	10.745631147252421	.39577559599019996	845.8277089790153	13.489772636813154	0	1235.3005399190886	15.247953100240103	55.97678510561616	1.4324854532644988	4114.891800703536	9.488933514813912	0	31.381755422694123	69.12173059570787	44.625781370052515	2.141340402230877	3300.971216488754	9.223727820366431	.41799181547592795	1.12212	.6234000000000001	.77925	.37194000000000016	.12468	.6234000000000001	2.5517399999999992	.03117
4.22	1220.2303661637948	14.64943386630186	54.242856623531125	1.5530686583704223	4114.244327395664	10.76083502079736	0	1284.4564071437703	14.271509044655089	56.679046778170154	1.6192403892671885	4365.536744313216	12.650674536656668	0	1319.6007278977463	14.075149823291571	58.10456406699153	1.5817489658548258	4505.712282825275	9.847874227154849	0	1057.974464526967	12.077918353265671	46.592943007359075	1.3569630127133647	3603.509687537041	11.027950321990582	0	1086.5488419778976	11.978402469578384	47.332608186081025	1.5988662252173735	3717.6594658631952	14.860058040246045	0	248.2659354076055	2.1907141808028032	10.733790558857915	.39961207711818886	844.9559663401905	13.489772636813154	0	1233.9494675808571	15.501853557329925	55.92075969252198	1.4444195168081244	4112.2551687773275	9.48900788765666	0	31.367012559969005	69.01023707904075	44.61730631954021	2.151350831100834	3299.9909932581313	9.223727820366431	.41799181547592795	1.12212	.6234000000000001	.77925	.37193000000000015	.12468	.6234000000000001	2.5517199999999995	.03117
4.24	1218.82210446328	14.877516015012667	54.194388391655195	1.565096043350184	4110.68122984275	10.76083502079736	0	1283.053454975519	14.496585730400303	56.630097984419116	1.6324301143092197	4361.724170735727	12.650674536656668	0	1318.2221071287042	14.301761743562832	58.05501311801388	1.5956736556008366	4501.860346704982	9.847874227154849	0	1056.8160000155526	12.277259875699878	46.55311470402931	1.3679148511355013	3600.3263137108074	11.028246836034516	0	1085.3811153145627	12.175424039510162	47.293673856325874	1.6102275860242705	3714.2862213580825	14.860058040246045	0	247.97310526397612	2.2370609381923567	10.722029487240485	.4034152459293525	844.088846986166	13.489772636813154	0	1232.5930794415212	15.756517094307318	55.86481325724822	1.4563453219220674	4109.610764212264	9.489082261665263	0	31.351936555557447	68.90119387779224	44.60879191157175	2.161361625525188	3299.0111268291644	9.223727820366431	.41799181547592795	1.12212	.6234000000000001	.77925	.37192000000000014	.12468	.6234000000000001	2.5516999999999994	.03117
4.26	1217.4110731829321	15.106174999650335	54.14590958620786	1.5771119581415607	4107.125392442234	10.76083502079736	0	1281.6463044561958	14.721879604593212	56.581149735043695	1.645601830519644	4357.913588880507	12.650674536656668	0	1316.8379496870723	14.528350759586088	58.00548067075268	1.6095762555801576	4498.004579969197	9.847874227154849	0	1055.653779509834	12.476981516578453	46.51328582795174	1.3788497884054072	3597.144614599487	11.028543366023923	0	1084.2094138720224	12.373357599927905	47.25471949542115	1.6215726596301412	3710.9149188513065	14.860058040246045	0	247.6805625780757	2.283899865054736	10.71034614009594	.4071848988969773	843.2261778942103	13.489772636813154	0	1231.231448611943	16.011848205649173	55.80894554525098	1.4682627167389197	4106.958602444066	9.48915663683975	0	31.336521472053075	68.7945127165186	44.60023819446679	2.171372765889284	3298.03153153936	9.223727820366431	.41799181547592795	1.12212	.6234000000000001	.77925	.3719100000000002	.12468	.6234000000000001	2.5516799999999993	.03117
4.28	1215.9972887525064	15.335339369985613	54.09742119067271	1.5891163693515808	4103.576595212014	10.76083502079736	0	1280.2350234397416	14.947314158872683	56.53220229302652	1.6587555725043563	4354.104965562116	12.650674536656668	0	1315.4483675659874	14.754834374895438	57.95596631853009	1.6234568226775323	4494.145119719096	9.847874227154849	0	1054.4878671952545	12.677013498864099	46.47345652693223	1.3897678892304584	3593.964572504262	11.02883991196009	0	1083.033769000398	12.572139142091263	47.21574566934158	1.6329014080856736	3707.5455265554347	14.860058040246045	0	247.38826596505015	2.33122138344206	10.698738748695089	.410921270568329	842.3678275695337	13.489772636813154	0	1229.8646401274427	16.267759254221772	55.753156209713374	1.4801716399989922	4104.298699200458	9.489231013180147	0	31.320770949672617	68.69012152416323	44.59164522166693	2.1813842264873733	3297.052147667394	9.223727820366431	.41799181547592795	1.12212	.6234000000000001	.77925	.3719000000000002	.12468	.6234000000000001	2.551659999999999	.03117
4.3	1214.580770674194	15.564936912396488	54.048924168668094	1.601109245387584	4100.03462363707	10.76083502079736	0	1278.8196817341882	15.172812697597045	56.48325592338669	1.6718913727472489	4350.298269137455	12.650674536656668	0	1314.0534738813199	14.9811303102989	57.906469672491795	1.6373154115018602	4490.282101204413	9.847874227154849	0	1053.3183289766928	12.877285749273367	46.43362696053161	1.4006692081466057	3590.7861706899407	11.029136473844302	0	1081.8542149780978	12.771703735229947	47.176752926477796	1.6442138033697307	3704.1780142656485	14.860058040246045	0	247.09617587344022	2.379015528379966	10.687205588050064	.41462459712773936	841.5136681662394	13.489772636813154	0	1228.492722142398	16.524161748131124	55.69744490553598	1.4920720316693372	4101.631072228337	9.48930539068648	0	31.304688747738172	68.58795002359415	44.58301304665037	2.1913959818300417	3296.0729173754935	9.223727820366431	.41799181547592795	1.12212	.6234000000000001	.77925	.37189000000000016	.12468	.6234000000000001	2.5516399999999995	.03117
4.32	1213.1615415177732	15.794894689895962	54.000419464374545	1.6130905564611326	4096.4992686224405	10.76083502079736	0	1277.400351087566	15.398298396178784	56.43431089321949	1.6850092614568257	4346.493469569654	12.650674536656668	0	1312.6533828485517	15.207156576859811	57.8569903612589	1.6511520741800982	4486.41565797837	9.847874227154849	0	1052.1452324651077	13.077727956157602	46.393797300522095	1.4115537888828784	3587.60939345767	11.029433051677845	0	1080.6707889823779	12.971985573019149	47.13774179850678	1.6555098269841733	3700.812353363807	14.860058040246045	0	246.80425452232998	2.427271948307109	10.675744978924005	.4182951120758158	840.663575302828	13.489772636813154	0	1227.1157659268997	16.7809663995898	55.64181128945845	1.5039638328260247	4098.955741346507	9.48937976935878	0	31.28827874794065	68.48792965419288	44.57434172293804	2.201408006642663	3295.0937846342763	9.223727820366431	.41799181547592795	1.12212	.6234000000000001	.77925	.37188000000000015	.12468	.6234000000000001	2.5516199999999993	.03117
4.34	1211.739626915767	16.025139082159654	53.9519080029622	1.625060274591914	4092.9703264461937	10.76083502079736	0	1275.9771051738142	15.623694359419051	56.38536747173605	1.6981092664128108	4342.690538491989	12.650674536656668	0	1311.2482097596553	15.432831548878031	57.80752803057984	1.6649668601511531	4482.545922052599	9.847874227154849	0	1050.9686469641845	13.278269627383759	46.35396773134375	1.4224216637258782	3584.4342262176456	11.029729645462009	0	1079.483531059901	13.172918020054848	47.098712801262245	1.6667894695486736	3697.4485168225056	14.860058040246045	0	246.51246583849579	2.4759799055146274	10.664355289840751	.42193304190864933	839.8174278777	13.489772636813154	0	1225.7338458634094	17.03808318378359	55.58625502018114	1.5158469855364094	4096.27272849842	9.489454149197073	0	31.27154495760322	68.38999349444369	44.56563130409966	2.2114202758638495	3294.114695147587	9.223727820366431	.41799181547592795	1.12212	.6234000000000001	.77925	.37187000000000014	.12468	.6234000000000001	2.551599999999999	.03117
4.36	1210.3150555585955	16.25559582555358	53.903390691018195	1.6370183736116517	4089.4475987123956	10.76083502079736	0	1274.5500195786876	15.848923679842354	56.33642593030315	1.7111914128127617	4338.8894492717745	12.650674536656668	0	1309.8380709599714	15.658074036871346	57.75808234298227	1.6787598159597845	4478.673024052073	9.847874227154849	0	1049.7886434569793	13.478840148215351	46.31413845056098	1.433272852884281	3581.2606555618277	11.030026255198077	0	1078.292484097298	13.374433658329236	47.059666435605074	1.678052730395536	3694.0864792091384	14.860058040246045	0	246.22077539355467	2.5251282765856433	10.653034939094523	.42553860179702424	838.9751078846602	13.489772636813154	0	1224.3470394434137	17.295421397738348	55.53077575848672	1.5277214327414057	4093.582057804908	9.489528530201387	0	31.25449151294473	68.29407618452254	44.55688184375988	2.2214327646439087	3293.1355962773355	9.223727820366431	.41799181547592795	1.12212	.6234000000000001	.77925	.37186000000000013	.12468	.6234000000000001	2.5515799999999995	.03117
4.38	1208.8878425242422	16.486201785027465	53.85486838300368	1.6489648225468123	4085.930895900788	10.76083502079736	0	1273.119154250239	16.07391905133447	56.28748640366028	1.724255879934834	4335.090166275204	12.650674536656668	0	1308.423065920857	15.882811828830114	57.708652800069075	1.6925312268231198	4474.797071807627	9.847874227154849	0	1048.6052805069605	13.67937291344948	46.27430912964491	1.4441079302774404	3578.0886553920877	11.03032288088734	0	1077.0976865975917	13.57646780656949	47.020603458570584	1.6892992619846385	3690.7262178138103	14.860058040246045	0	245.929159137047	2.574708025115965	10.641781259198636	.4291134919279622	838.1365316104345	13.489772636813154	0	1222.9554053831368	17.552901903707003	55.47537311706069	1.5395871643869738	4090.8837466447144	9.489602912371746	0	31.237121707079275	68.20012677041802	44.5480933988358	2.231445443963719	3292.156449104578	9.223727820366431	.41799181547592795	1.12212	.6234000000000001	.77925	.3718500000000002	.12468	.6234000000000001	2.5515599999999994	.03117
4.4	1207.458009738434	16.716890587548566	53.80634192339645	1.6608995937532678	4082.420032903051	10.76083502079736	0	1271.6845750180255	16.29861109367627	56.23854906043191	1.737302808415989	4331.292658192378	12.650674536656668	0	1307.00329920275	16.106971364257863	57.659238959961286	1.706281319530601	4470.91817698926	9.847874227154849	0	1047.4186215416116	13.879800382158784	46.234479577143304	1.4549273273377061	3574.9182041166846	11.030619522531081	0	1075.8991814850724	13.778954302077445	46.98152455234214	1.7005288056549863	3687.3677112733235	14.860058040246045	0	245.63759253228116	2.6247091662211295	10.630591895806775	.4326590503881256	837.3016109134277	13.489772636813154	0	1221.5590104897403	17.810442225587835	55.42004672238217	1.5514441605128952	4088.177816724996	9.489677295708182	0	31.219439190892295	68.1080927590304	44.5392660255749	2.241458286011252	3291.1772134511893	9.223727820366431	.41799181547592795	1.12212	.6234000000000001	.77925	.37184000000000017	.12468	.6234000000000001	2.5515399999999997	.03117
4.42	1206.025606202299	16.947578419221575	53.757812188359885	1.6728226709585658	4078.914824609251	10.76083502079736	0	1270.2463748676623	16.52291681039561	56.189614271702716	1.7503321097181312	4327.496911211667	12.650674536656668	0	1305.5789021684288	16.330467526363442	57.6098406522665	1.720009968717202	4467.036481438592	9.847874227154849	0	1046.2287519395115	14.080049189278398	46.194650394320746	1.4657306447156428	3571.7493016521807	11.03091618013059	0	1074.6970248098005	13.981821331023491	46.942429996995706	1.7117416224206874	3684.0109382108412	14.860058040246045	0	245.34603981490199	2.675117765537363	10.619466190762735	.4361744269848768	836.4702149403321	13.489772636813154	0	1220.1579562222355	18.067941815344412	55.36479627591297	1.563292334986827	4085.464305026643	9.489751680210718	0	31.201449160309505	68.0179043535555	44.53039977563808	2.251471269496976	3290.1978330708644	9.223727820366431	.41799181547592795	1.12212	.6234000000000001	.77925	.37183000000000016	.12468	.6234000000000001	2.5515199999999996	.03117
4.44	1204.5906697352696	17.178190993436672	53.70928000819792	1.6847340340682304	4075.4150941163093	10.76083502079736	0	1268.8046336777068	16.74676157936458	56.14068229241831	1.763343825914438	4323.702904296537	12.650674536656668	0	1304.1499918643576	16.553223152247977	57.56045757064616	1.7337172515973915	4463.152107831667	9.847874227154849	0	1045.0357466863259	14.280049555116403	46.15482173690268	1.4765179517562859	3568.581937489233	11.031212853687153	0	1073.4912692054834	14.184999446176352	46.90332029173605	1.7229376773223555	3680.655879819522	14.860058040246045	0	245.05447411932266	2.7259216142816545	10.608402573069366	.4396600233917718	835.6422419726833	13.489772636813154	0	1218.7523284648635	18.325310078969682	55.30962143876313	1.5751316415422807	4082.743243263131	9.489826065879386	0	31.183156121039723	67.92950403483142	44.52149470352283	2.261484369599894	3289.218263430242	9.223727820366431	.41799181547592795	1.12212	.6234000000000001	.77925	.3718200000000002	.12468	.6234000000000001	2.5514999999999994	.03117
4.46	1203.153241046428	17.40865368179677	53.66074619647504	1.6966336647621325	4071.9206696430933	10.76083502079736	0	1267.3594330165386	16.970071140426203	56.09175337867879	1.7763379970841378	4319.91061837069	12.650674536656668	0	1302.7166861200371	16.775161953317735	57.511089422267865	1.7474032435503133	4459.265178046159	9.847874227154849	0	1043.8396822585944	14.479731901990522	46.11499377135749	1.4872893074441353	3565.4161025433204	11.03150954320206	0	1072.2819699364286	14.388418680089352	46.86419592748287	1.7341169390179407	3677.3025189173413	14.860058040246045	0	244.762869986553	2.777108141525235	10.597399521717831	.4431162213214675	834.817592736135	13.489772636813154	0	1217.3422160050823	18.582456143926034	55.25452187429842	1.5869620345973563	4080.014665511463	9.48990045271421	0	31.164564715576656	67.84283556999824	44.512550863840026	2.271497561665118	3288.2384613830945	9.223727820366431	.41799181547592795	1.12212	.6234000000000001	.77925	.3718100000000002	.12468	.6234000000000001	2.5514799999999993	.03117
4.48	1201.7133637398945	17.63889154694251	53.61221155046454	1.7085215465024657	4068.431384481175	10.76083502079736	0	1265.9108561390335	17.192771647862642	56.04282778786367	1.7893146610628472	4316.120036388588	12.650674536656668	0	1301.279103535876	16.996208583066423	57.461735927566124	1.7610680177652522	4455.375813329536	9.847874227154849	0	1042.6406366190256	14.6790269096077	46.07516667568423	1.4980447594199022	3562.2517892360192	11.031806248676594	0	1071.0691848725212	14.592008589443699	46.82505738757523	1.7452793795956147	3673.950839950464	14.860058040246045	0	244.47120329594787	2.828664413115226	10.586455568395698	.4465433772836002	833.996170196695	13.489772636813154	0	1215.9277105436556	18.83928891053144	55.1994972482929	1.5987834691086238	4077.2786082704183	9.489974840715218	0	31.145679727061115	67.75784392715371	44.50356831131797	2.2815108212050115	3287.2583850877127	9.223727820366431	.41799181547592795	1.12212	.6234000000000001	.77925	.3718000000000002	.12468	.6234000000000001	2.5514599999999996	.03117
4.5	1200.2710843202117	17.86882937537709	53.56367685159678	1.720397664541715	4064.9470769455984	10.76083502079736	0	1264.458987983239	17.41478972286326	55.99390577875688	1.8022738531929012	4312.331143405996	12.650674536656668	0	1299.8373634710606	17.216288704857305	57.412396820003195	1.7747116448870903	4451.4841344672195	9.847874227154849	0	1041.4386892117898	14.8778655704435	46.03534064020047	1.5087843429972476	3559.088991576276	11.032102970112046	0	1069.8529744642008	14.795698299391601	46.78590514847612	1.7564249743866465	3670.6008289966135	14.860058040246045	0	244.1794511969556	2.880577130596242	10.575569300195033	.44994181734266187	833.1778793569624	13.489772636813154	0	1214.5089067047443	19.09571710334544	55.144547229081404	1.6105959004249955	4074.535110518793	9.49004922988244	0	31.1265060831432	67.6744751900093	44.49454710080657	2.291524123900329	3286.277993924292	9.223727820366431	.41799181547592795	1.12212	.6234000000000001	.77925	.3717900000000002	.12468	.6234000000000001	2.5514399999999995	.03117
4.52	1198.8264521977321	18.098391710291242	53.51514286590751	1.7322620059306304	4061.4675903256407	10.76083502079736	0	1263.0039151670476	17.636052505992783	55.94498761167163	1.8152156060736901	4308.543926650503	12.650674536656668	0	1298.3915860314269	17.4353290597055	57.363071845829865	1.7883341926617724	4447.590261950753	9.847874227154849	0	1040.2339209578124	15.07617924512169	45.99551586833004	1.519508080179528	3555.9277052416815	11.032399707509702	0	1068.633401717439	14.999416547899537	46.746739680476885	1.7675537017782863	3667.2524737684453	14.860058040246045	0	243.8875920408664	2.932832630132038	10.564739362320505	.45331183187587815	832.3626270523639	13.489772636813154	0	1213.0859020459943	19.35164932255528	55.089671487712046	1.6223992841416064	4071.7842137736466	9.4901236202159	0	31.107048859844532	67.59267647254605	44.485487287281416	2.30153744560136	3285.29724841232	9.223727820366431	.41799181547592795	1.12212	.6234000000000001	.77925	.37178000000000017	.12468	.6234000000000001	2.5514199999999994	.03117
4.54	1197.3795196940034	18.32750288438812	53.46661034448607	1.7441145595261993	4057.992772835579	10.76083502079736	0	1261.5457259848713	17.85648770965943	55.89607354857542	1.8281399493119916	4304.758375592062	12.650674536656668	0	1296.9418920573303	17.653257534060128	57.31376076384624	1.8019357255817643	4443.694316145965	9.847874227154849	0	1039.026414250067	15.273899717793679	45.9556925773909	1.5302159786765364	3552.7679276597464	11.032696460870854	0	1067.410532168717	15.203091730091414	46.70756144840172	1.7786655430266445	3663.905763616916	14.860058040246045	0	243.5956053125608	2.9854168814271236	10.553964460797474	.45665367033108556	831.5503217473905	13.489772636813154	0	1211.6587970686278	19.60699409536195	55.034869698098724	1.63419357595369	4069.0259621485493	9.490198011715627	0	31.087313285420418	67.51239583367042	44.47638892584792	2.31155076232907	3284.3161101279643	9.223727820366431	.41799181547592795	1.12212	.6234000000000001	.77925	.3717700000000002	.12468	.6234000000000001	2.5513999999999997	.03117
4.56	1195.9303420471558	18.556087052708182	53.41808002392373	1.7559553159996153	4054.5224775654533	10.76083502079736	0	1260.0845104043167	18.076023670582984	55.84716385321495	1.8410469092723019	4300.974482013524	12.650674536656668	0	1295.488403111517	17.87000322758652	57.264463345162596	1.8155163045315132	4439.79641746113	9.847874227154849	0	1037.8162529488695	15.470959251518003	45.915870999382875	1.5409080309212435	3549.6096580891744	11.032993230196787	0	1066.1844338600026	15.40665194259175	46.66837091231215	1.7897604820695696	3660.560689534656	14.860058040246045	0	243.30347156225812	3.038315486648386	10.543243365180084	.4599675359846081	830.7408733318341	13.489772636813154	0	1210.227695227533	19.86165992736621	54.98014153717365	1.645978731510453	4066.260402411823	9.490272404381649	0	31.06730474422209	67.43358219187029	44.46725207174542	2.32156405027624	3283.3345416214565	9.223727820366431	.41799181547592795	1.12212	.6234000000000001	.77925	.3717600000000002	.12468	.6234000000000001	2.5513799999999995	.03117
4.58	1194.4789774172868	18.784068225454163	53.369552626761916	1.7677842678442541	4051.0565624318274	10.76083502079736	0	1258.6203600628583	18.294589402262996	55.79825879124107	1.8539365088271733	4297.192240081162	12.650674536656668	0	1294.0312414669943	18.08549652094848	57.2151793729601	1.8290759864329127	4435.896686515135	9.847874227154849	0	1036.6035223771707	15.667290643639877	45.87605138177546	1.5515842130865432	3546.452897701137	11.03329001548879	0	1064.9551773137268	15.610025027868934	46.62916852821152	1.800838505339533	3657.2172441593407	14.860058040246045	0	243.01117233726487	3.0915136793467313	10.532574911259369	.46325358069913586	829.9341929170241	13.489772636813154	0	1208.7927029413534	20.115555353954747	54.92548668503982	1.6577547062689562	4063.48758404479	9.490346798213993	0	31.04702878055888	67.35618523987075	44.45807678035131	2.3315772858086117	3282.3525063344814	9.223727820366431	.41799181547592795	1.12212	.6234000000000001	.77925	.3717500000000002	.12468	.6234000000000001	2.5513599999999994	.03117
4.6	1193.0254868918485	19.011370300815923	53.3210288619405	1.7796014093836419	4047.5948901285587	10.76083502079736	0	1257.1533682645145	18.512114647446847	55.74935863033373	1.8668087671075442	4293.411646415214	12.650674536656668	0	1292.5705300949019	18.299669143590414	57.165908642251686	1.8426148238907585	4431.995244305644	9.847874227154849	0	1035.3883093158508	15.862827281170608	45.83623398829565	1.5622444841019916	3543.2976496605456	11.03358681674815	0	1063.7228355077627	15.813138618578341	46.58995474874948	1.8118996015765048	3653.875421777062	14.860058040246045	0	242.71869011372308	3.1449963233786913	10.521958003771342	.46651189968160084	829.1301926320639	13.489772636813154	0	1207.3539296025783	20.368588991686117	54.870904825123574	1.6695214553479867	4060.7075593000145	9.490421193212685	0	31.026491102560446	67.2801553592901	44.448863107185154	2.3415904454660237	3281.369968517562	9.223727820366431	.41799181547592795	1.12212	.6234000000000001	.77925	.3717400000000002	.12468	.6234000000000001	2.5513399999999997	.03117
4.62	1191.5698826224939	19.23794487897129	53.27250936707803	1.7914066608524148	4044.1373314434804	10.76083502079736	0	1255.6835841668833	18.728537162990065	55.700463463970316	1.8796639270691389	4289.632653239156	12.650674536656668	0	1291.1063504796307	18.512447766841582	57.116650919441106	1.8561331100793486	4428.0921251489945	9.847874227154849	0	1034.1706579353702	16.057509031498874	45.79641806239817	1.5728899070593978	3540.143868574774	11.033883633976158	0	1062.487447663283	16.015942098375096	46.55072957562392	1.8229439697265486	3650.535216441219	14.860058040246045	0	242.42603067104466	3.198757187262194	10.511389142909891	.46974606104243627	828.3288749485653	13.489772636813154	0	1205.9114176454837	20.620699580749353	54.816395549172235	1.6812790166436473	4057.920345485044	9.490495589377755	0	31.005684259840482	67.20547865543222	44.43961110726917	2.3516035031539877	3280.386915519462	9.223727820366431	.41799181547592795	1.12212	.6234000000000001	.77925	.3717300000000002	.12468	.6234000000000001	2.5513199999999996	.03117
4.64	1190.1121907254658	19.463737607879615	53.22399477945368	1.8031999604722317	4040.683761127701	10.76083502079736	0	1254.2110683258866	18.9437940024357	55.651573425397935	1.8925021789965044	4285.855225346233	12.650674536656668	0	1289.6387937447307	18.723761922794314	57.06740599083173	1.8696310810122712	4424.187382620031	9.847874227154849	0	1032.950623221965	16.25127522193568	45.75660308588874	1.583521287237922	3536.9915219711957	11.034180467174103	0	1061.249063099687	16.21838007067967	46.511493103890345	1.8339717664331299	3647.1966242609806	14.860058040246045	0	242.1331958100003	3.252787695847836	10.500865429631508	.4729588143070659	827.5302239159906	13.489772636813154	0	1204.4652273670079	20.871819669631698	54.761958472789935	1.6930274097213482	4055.1259708254433	9.490569986709227	0	30.984603806504506	67.13213428579911	44.43032083591284	2.3616164335516676	3279.4033305766075	9.223727820366431	.41799181547592795	1.12212	.6234000000000001	.77925	.3717200000000002	.12468	.6234000000000001	2.5512999999999995	.03117
4.66	1188.6525256451005	19.688648389344607	53.175485819844575	1.8149813733078124	4037.2340530210176	10.76083502079736	0	1252.7359583645937	19.157811200211437	55.60268894058104	1.9053233336589588	4282.079407435743	12.650674536656668	0	1288.1680210991346	18.933553354107502	57.01817372001997	1.8831085636131064	4420.281214769664	9.847874227154849	0	1031.7283341420505	16.444056329632012	45.716790266797915	1.5941375620775697	3533.8406629646865	11.034477316343272	0	1060.0077930869988	16.420360983832076	46.47224616534735	1.844982807540809	3643.8596461062257	14.860058040246045	0	241.84015111090156	3.307063632088874	10.490388118207276	.47614701772471085	826.7340766109038	13.489772636813154	0	1203.015537205071	21.121832671661306	54.70759337200289	1.7047665163066983	4052.3245286761266	9.490644385207132	0	30.96326740929112	67.06004402693819	44.42099234963961	2.3716292161407972	3278.4191606582185	9.223727820366431	.41799181547592795	1.12212	.6234000000000001	.77925	.3717100000000002	.12468	.6234000000000001	2.5512799999999998	.03117
4.68	1187.1909523106096	19.912605244579	53.126983138383494	1.8267508894872058	4033.788088948141	10.76083502079736	0	1251.2583472237525	19.370523045290113	55.55381025963167	1.9181274275170825	4278.305199483133	12.650674536656668	0	1286.6941517444682	19.141758874337807	56.968953940813975	1.896565627126847	4416.373732470534	9.847874227154849	0	1030.503876531623	16.635789545248148	45.67697978333826	1.6047387831165925	3530.6912957751097	11.034774181484954	0	1058.7637146480229	16.621815421817242	46.43298913780846	1.8559771209278388	3640.5242826026206	14.860058040246045	0	241.54688551023193	3.361569786852974	10.479956038062069	.4793110273035963	825.9403608689336	13.489772636813154	0	1201.5624578666668	21.37065262227237	54.65329993052343	1.7164963014201478	4049.516077188046	9.490718784871495	0	30.94167943501597	66.9891655262527	44.41162570448059	2.3816418277399465	3277.434375840761	9.223727820366431	.41799181547592795	1.12212	.6234000000000001	.77925	.3717000000000002	.12468	.6234000000000001	2.5512599999999996	.03117
4.7	1185.7275379626467	20.13553659121879	53.078487373122115	1.8385085000674577	4030.3457553066073	10.76083502079736	0	1249.7783289262745	19.581864907869168	55.50493763312997	1.930914494864997	4274.532603688945	12.650674536656668	0	1285.2173049971655	19.348316904488406	56.919746497159316	1.910002337748142	4412.465046733795	9.847874227154849	0	1029.2773371149633	16.826412998329317	45.63717182106262	1.6153249936441703	3527.543426394917	11.03507106260044	0	1057.5169066873982	16.822674252149273	46.393722393699775	1.8669547384233278	3637.1905360177475	14.860058040246045	0	241.2533888102006	3.4162906908785127	10.469568070417004	.4824511599948396	825.149005634255	13.489772636813154	0	1200.1061022162428	21.618194266701693	54.599077834970394	1.728216730045183	4046.7006771064575	9.490793185702346	0	30.91984426846514	66.91945712858696	44.40222095662167	2.3916542453126732	3276.4489468737456	9.223727820366431	.41799181547592795	1.12212	.6234000000000001	.77925	.3716900000000002	.12468	.6234000000000001	2.5512399999999995	.03117
4.72	1184.2623521406915	20.357371285790197	53.02999915045912	1.8502541970162265	4026.906943018712	10.76083502079736	0	1248.2959985580114	19.791773294348868	55.456071312187916	1.943684567659762	4270.761624533065	12.650674536656668	0	1283.7376002617048	19.55316753854394	56.87055124288595	1.9234187583518716	4408.555268847004	9.847874227154849	0	1028.0488034846364	17.015865814710455	45.59736657329185	1.6258962281066998	3524.397062652847	11.035367959691017	0	1056.2674499540171	17.022868677821197	46.35444630060888	1.8779156956923364	3633.8584102638224	14.860058040246045	0	240.95965161828008	3.4712106169154415	10.459223150138117	.48556768967716324	824.3599407868991	13.489772636813154	0	1198.646585261514	21.86437312178379	54.54492677498865	1.7399277670110955	4043.8783918160543	9.490867587699709	0	30.89776631163219	66.85087780307141	44.392778162407396	2.4016664459676886	3275.462845104879	9.223727820366431	.41799181547592795	1.12212	.6234000000000001	.77925	.37168000000000023	.12468	.6234000000000001	2.55122	.03117
4.74	1182.795466670434	20.578038666176756	52.9815190855682	1.8619879731934061	4023.4715474834393	10.76083502079736	0	1246.8114522485282	20.00018590231069	55.407211548513054	1.9564376753507835	4266.992268828968	12.650674536656668	0	1282.2551570038406	19.756252609005585	56.82136804145499	1.9368149482237276	4404.644510512011	9.847874227154849	0	1026.8183640814918	17.204088173921022	45.55756424154261	1.6364525115140927	3521.2522142776297	11.035664872757978	0	1055.015427003443	17.222330289254863	46.31516122183368	1.8888600321209839	3630.5279109004136	14.860058040246045	0	240.66566528674377	3.5263135818661926	10.448920267585025	.48866084314160907	823.5730969700626	13.489772636813154	0	1197.1840241392777	22.109105537746142	54.49084644336856	1.7516293768757631	4041.0492873861003	9.490941990863615	0	30.87544998295518	66.78338706996793	44.38329737834488	2.4116784069590245	3274.4760424052133	9.223727820366431	.41799181547592795	1.12212	.6234000000000001	.77925	.3716700000000002	.12468	.6234000000000001	2.5511999999999997	.03117
4.76	1181.3269556511589	20.797468594086276	52.93304778282626	1.8737098223327422	4020.039468528398	10.76083502079736	0	1245.3247871518804	20.207041675495535	55.35835859447223	1.9691738447092104	4263.224545777969	12.650674536656668	0	1280.7700947238388	19.957515752426023	56.772196765705566	1.9501909627907876	4400.732883982847	9.847874227154849	0	1025.5861081746637	17.391021366589737	45.51776503595512	1.6469938588460664	3518.108892961685	11.035961801802609	0	1053.760922160327	17.420991116250708	46.275867516931335	1.8997877907015432	3627.1990451371576	14.860058040246045	0	240.37142185220395	3.581583348926542	10.438658470459618	.4917307960762515	822.788405417417	13.489772636813154	0	1195.7185381012298	22.35230876000429	54.43683653616545	1.7633215238084183	4038.2134326155674	9.491016395194087	0	30.852899716553715	66.71694492751489	44.37377866110771	2.4216901056861966	3273.4885110942996	9.223727820366431	.41799181547592795	1.12212	.6234000000000001	.77925	.3716600000000002	.12468	.6234000000000001	2.5511799999999996	.03117
4.78	1179.856895443129	21.01559149751793	52.884585836241364	1.8854197390234557	4016.610610361751	10.76083502079736	0	1243.836101427387	20.41228085878211	55.30951270315532	1.9818930996573423	4259.458467023466	12.650674536656668	0	1279.2825329297086	20.15690247494452	56.723037297601685	1.9635468533520977	4396.820502203614	9.847874227154849	0	1024.3521258415703	17.576607851849428	45.47796917572096	1.6575202744584407	3514.9671124248234	11.036258746826201	0	1052.5040214808269	17.618783679937636	46.23656554226715	1.9106990179175494	3623.8718218364766	14.860058040246045	0	240.07691397514904	3.637003429726516	10.428436865654712	.4947776690509117	822.0057977804191	13.489772636813154	0	1194.2502484997772	22.593900990957103	54.3828967528191	1.7750041714724294	4035.3708990782666	9.491090800691158	0	30.830119961465957	66.65151177877239	44.3642220675398	2.4317015196943763	3272.5002238653387	9.223727820366431	.41799181547592795	1.12212	.6234000000000001	.77925	.3716500000000002	.12468	.6234000000000001	2.55116	.03117
4.8	1178.3853646549696	21.23233841322923	52.83613382988095	1.8971177186918577	4013.1848815241465	10.76083502079736	0	1242.3454942204073	20.615845053165142	55.260674128438986	1.9945954610980272	4255.694046705193	12.650674536656668	0	1277.7925911104378	20.354360217821863	56.67388952797908	1.9768826668092445	4392.907478946376	9.847874227154849	0	1023.1165079479154	17.760791314741734	45.43817688951078	1.6680317514894294	3511.8268884779495	11.036555707830043	0	1051.2448127150237	17.815641044722792	46.19725565156343	1.9215937636288938	3620.5462515162963	14.860058040246045	0	239.78213487948176	3.6925570864712554	10.418254621102744	.49780152350187057	821.2252059556196	13.489772636813154	0	1192.7792787738554	22.83380145178185	54.329026796273254	1.7866772829080695	4032.521761167984	9.49116520735485	0	30.80711518088568	66.58704835846738	44.35462765465934	2.4417126266745526	3271.5111537103326	9.223727820366431	.41799181547592795	1.12212	.6234000000000001	.77925	.3716400000000002	.12468	.6234000000000001	2.5511399999999997	.03117
4.82	1176.9124441310523	21.447641029203087	52.78769233829982	1.9088037575829742	4009.762194840654	10.76083502079736	0	1240.853065643115	20.817677270733757	55.21184312505039	2.0072809467440687	4251.9313015134585	12.650674536656668	0	1276.300388709226	20.54983842297547	56.62475335629202	1.990198445396939	4388.993928949044	9.847874227154849	0	1021.8793461276865	17.94351672362197	45.39838841590214	1.6785282712659373	3508.6882390867604	11.036852684815429	0	1049.9833852693405	18.011496870241448	46.157938196448384	1.9324720809569311	3617.222346352762	14.860058040246045	0	239.48707829205642	3.748227334081919	10.408110967624424	.5008023577165832	820.446561911973	13.489772636813154	0	1191.3057544347403	23.071930444229476	54.27522637309505	1.7983408204152957	4029.666096143616	9.491239615185194	0	30.783889851399277	66.52351565983894	44.34499547966263	2.4517234044637006	3270.521273845235	9.223727820366431	.41799181547592795	1.12212	.6234000000000001	.77925	.37163000000000024	.12468	.6234000000000001	2.5511199999999996	.03117
4.84	1175.4382169388793	21.661431727114795	52.739261926968275	1.9204778527421609	4006.342467372693	10.76083502079736	0	1239.3589167552743	21.017721989649697	55.16301994863095	2.019949570947623	4248.170250743406	12.650674536656668	0	1274.8060450967175	20.74328859851431	56.57562869036022	2.003494226413588	4385.079968053269	9.847874227154849	0	1020.6407327631571	18.12473038756383	45.35860400380723	1.6890098027098503	3505.5511844354464	11.037149677783644	0	1048.7198301689589	18.20628546330676	46.11861352700502	1.9433340261695768	3613.9001201829583	14.860058040246045	0	239.1917383822169	3.8039969423365503	10.398005200777426	.5037801028183918	819.6697975181479	13.489772636813154	0	1189.8298030518656	23.3082094124197	54.22149519359455	1.809994745436521	4026.803984174303	9.491314024182216	0	30.760448462222804	66.46087486148325	44.33532559992803	2.4617338310449473	3269.5305576351047	9.223727820366431	.41799181547592795	1.12212	.6234000000000001	.77925	.37162000000000023	.12468	.6234000000000001	2.5510999999999995	.03117
4.86	1173.962701952023	21.87366598187323	52.69084300460111	1.9321399563538089	4002.9256161615403	10.76083502079736	0	1237.8630976372233	21.2159184671333	55.114204708595146	2.0326015713416203	4244.410845087183	12.650674536656668	0	1273.3096390515693	20.934636909363324	56.52651545038345	2.016770332465417	4381.16558957385	9.847874227154849	0	1019.4007114118612	18.304372434400523	45.31882327758226	1.699477059682983	3502.415671897247	11.03744668673598	0	1047.454195655776	18.39995531601139	46.079281777325825	1.954179513625801	3610.579576719721	14.860058040246045	0	238.89614341238027	3.8598600973454005	10.387933994519797	.5067388763878806	818.8949760278681	13.489772636813154	0	1188.3514670167374	23.542579726744272	54.16783286434141	1.8216391088126473	4023.935443044448	9.491388434345945	0	30.736791450788285	66.39913885106624	44.325618070879656	2.4717438816542865	3268.5390268947294	9.223727820366431	.41799181547592795	1.12212	.6234000000000001	.77925	.3716100000000002	.12468	.6234000000000001	2.55108	.03117
4.88	1172.4859234234098	22.084298975879964	52.642435978780256	1.9437900235526442	3999.5115625903168	10.76083502079736	0	1236.3656617653573	21.412207859444873	55.06539752245185	2.0452371709905224	4240.653041364447	12.650674536656668	0	1271.8112511663664	21.123813034039742	56.47741356421615	2.030027066764917	4377.2507941348895	9.847874227154849	0	1018.1593287137175	18.482384810622662	45.2790459032119	1.7099307061416644	3499.2816547890316	11.037743711673729	0	1046.1865336407982	18.592455025400216	46.03994309135632	1.9650084675454818	3607.2607219070233	14.860058040246045	0	238.60032035142274	3.9158101857553786	10.377894220035603	.5096825168263787	818.1221539414174	13.489772636813154	0	1186.870794929474	23.77498312657259	54.11423900104246	1.8332739559627726	4021.0604966694327	9.491462845676406	0	30.71291946032212	66.33831808328091	44.31587294823401	2.4817535318128243	3267.546701120622	9.223727820366431	.41799181547592795	1.12212	.6234000000000001	.77925	.37160000000000026	.12468	.6234000000000001	2.5510599999999997	.03117
4.9	1171.0080366920981	22.29324331424174	52.594041536769545	1.9554280988182406	3996.1002403034654	10.76083502079736	0	1234.8667642666867	21.606546041056987	55.01659879456178	2.0578561488106817	4236.89693749264	12.650674536656668	0	1270.3110404830968	21.310802246723842	56.42832295903417	2.043264162850258	4373.335824130819	9.847874227154849	0	1016.9167281866794	18.658725688319933	45.23927279154582	1.7203699205850445	3496.1492346041746	11.03804075259818	0	1044.9169836590258	18.78370781292991	46.00059803047896	1.9758210963015335	3603.9435862399832	14.860058040246045	0	238.30423099119528	3.9718177229999543	10.36788803695716	.5126065186226451	817.351131573002	13.489772636813154	0	1185.3880067164039	24.00532633664701	54.06071343237875	1.8448991556689205	4018.179298845112	9.491537258173627	0	30.688841032538686	66.2783228215604	44.30609029205563	2.4917627628049344	3266.5535058298983	9.223727820366431	.41799181547592795	1.12212	.6234000000000001	.77925	.37159000000000025	.12468	.6234000000000001	2.55104	.03117
4.92	1169.5291230971702	22.500438111460948	52.54566018857598	1.9670541749999169	3992.691582162018	10.76083502079736	0	1233.3665015954036	21.798882838677834	54.96780876159589	2.070458539851834	4233.14255246619	12.650674536656668	0	1268.8091194149267	21.495560633413863	56.379243574261835	2.0564816814941573	4369.420781636348	9.847874227154849	0	1015.6729971746333	18.833346115619392	45.19950413670466	1.7307947361650564	3493.01842916988	11.038337809510624	0	1043.6456358233454	18.97365322502038	45.96124691010639	1.9866174446922311	3600.628188363609	14.860058040246045	0	238.00787599418365	4.0278663623740325	10.357914593426864	.5155111769819277	816.5818594709184	13.489772636813154	0	1183.9032242528933	24.233538947419174	54.007255867820845	1.8565146790539726	4015.2919315063755	9.491611671837639	0	30.66456005730996	66.219122408924	44.2962701601517	2.5017715527427247	3265.559421880969	9.223727820366431	.41799181547592795	1.12212	.6234000000000001	.77925	.37158000000000024	.12468	.6234000000000001	2.55102	.03117
4.94	1168.0492652237906	22.70582369578273	52.49729243522408	1.9786682450272097	3989.2855249650956	10.76083502079736	0	1231.8649703427238	21.989169727185313	54.91902765943196	2.0830443780718495	4229.389907174766	12.650674536656668	0	1267.305599611309	21.678046295819435	56.33017535648183	2.0696796811844536	4365.505768815865	9.847874227154849	0	1014.4282229877199	19.00619866407067	45.15974013653825	1.7412051810920994	3489.8892578167947	11.038634882412351	0	1042.3725810668736	19.162231900637423	45.92189004389137	1.9973975580930072	3597.314548435185	14.860058040246045	0	237.7112566270388	4.083939683208963	10.34797307456817	.5183967584695948	815.8142890318212	13.489772636813154	0	1182.4165702010469	24.45955225837017	53.95386601969863	1.8681204970410112	4012.3984788247094	9.491686086668464	0	30.640080377392017	66.16068671813588	44.286412610501465	2.5117798798454656	3264.5644305729284	9.223727820366431	.41799181547592795	1.12212	.6234000000000001	.77925	.37157000000000023	.12468	.6234000000000001	2.5509999999999997	.03117
4.96	1166.5685468571114	22.909341662933382	52.448938769109304	1.9902703018684793	3985.8820093997174	10.76083502079736	0	1230.3622671914936	22.17735988120621	54.87025572314417	2.095613696280478	4225.6390244215945	12.650674536656668	0	1265.8005919108014	21.85821940304489	56.28111825918424	2.0828582180011406	4361.590887998926	9.847874227154849	0	1013.1824928573519	19.177237482229508	45.119980992733076	1.7516012784234474	3486.7617414048495	11.038931971304654	0	1041.0979110830085	19.349385630041624	45.882527744167305	2.0081614822684766	3594.0026881210515	14.860058040246045	0	237.4143747171104	4.1400211988915325	10.338062702978995	.5212634991423609	815.0483723944087	13.489772636813154	0	1180.9281679515482	24.68329934924453	53.900543603266534	1.879716580281651	4009.499027220389	9.491760502666132	0	30.615405785613365	66.10298610456306	44.276517701259024	2.521787722438291	3263.5685135950957	9.223727820366431	.41799181547592795	1.12212	.6234000000000001	.77925	.3715600000000002	.12468	.6234000000000001	2.55098	.03117
4.98	1165.087052936179	23.110934929858903	52.400599674351454	2.00186033848952	3982.4809799906116	10.76083502079736	0	1228.858488870793	22.363408226695576	54.82149318699252	2.1081665260831044	4221.8899289417795	12.650674536656668	0	1264.2942062938876	22.036042243272693	56.232072242515514	2.096017345493418	4357.676241755746	9.847874227154849	0	1011.9358938912313	19.34641834924142	45.08022691091977	1.761983045851667	3483.635902349103	11.039229076188823	0	1039.8217182654807	19.535057413537384	45.84316032238868	2.0189092631844674	3590.692630593375	14.860058040246045	0	237.11723260897992	4.196094364882991	10.328182739225133	.5241116026795167	814.2840623331083	13.489772636813154	0	1179.438141565502	24.904715151284304	53.847288336768734	1.8913028990843805	4006.5936653746744	9.491834919830671	0	30.590540022063244	66.04599135903348	44.26658549075615	2.531795058950915	3262.5716529765546	9.223727820366431	.41799181547592795	1.12212	.6234000000000001	.77925	.3715500000000002	.12468	.6234000000000001	2.55096	.03117
5	1163.604869507839	23.310547788463417	52.35227562714813	2.013438347812167	3979.082385050028	10.76083502079736	0	1227.3537321105437	22.54727149251592	54.77274028441244	2.120702897824496	4218.142647420626	12.650674536656668	0	1262.7865518357942	22.211479275446738	56.183037273027495	2.1091571145567256	4353.761932972688	9.847874227154849	0	1010.6885130283675	19.51369872842524	45.04047810078058	1.7723504954930263	3480.511764645583	11.03952619706615	0	1038.5440956484038	19.719191520221784	45.80378808957161	2.0296409468200483	3587.3844005269248	14.860058040246045	0	236.81983312099422	4.252142586738047	10.318332482333659	.5269412385141543	813.5213121517633	13.489772636813154	0	1177.9466157162758	25.123736518463076	53.79409994150443	1.9028794233428954	4003.682484241999	9.49190933816211	0	30.56548677127995	65.98967366069407	44.25661603750512	2.5418018679163294	3261.573831035695	9.223727820366431	.41799181547592795	1.12212	.6234000000000001	.77925	.37154000000000026	.12468	.6234000000000001	2.5509399999999998	.03117
5.02	1162.1220836806433	23.50812595934771	52.30396709612812	2.0250043226729053	3975.6861766275442	10.76083502079736	0	1225.8480935961124	22.728908262016567	54.723997248004274	2.1332228405325577	4214.39720851196	12.650674536656668	0	1261.2777366593111	22.384497180955794	56.1340133234264	2.1222775733097894	4349.848064927754	9.847874227154849	0	1009.4404369940944	19.679037820856763	45.00073477615682	1.7827036336759126	3477.389353897127	11.039823333937926	0	1037.265136846326	19.901733546733613	45.764411356734335	2.040356578979558	3584.078024095846	14.860058040246045	0	236.52217950179866	4.3081492281238924	10.30851127028634	.5297525399643963	812.7600755773176	13.489772636813154	0	1176.4537156313402	25.34030229872003	53.74097814189304	1.914446122464439	4000.7655770621664	9.491983757660472	0	30.540249659439155	65.93400452986877	44.2466094002015	2.5518081279695197	3260.5750303297505	9.223727820366431	.41799181547592795	1.12212	.6234000000000001	.77925	.37153000000000025	.12468	.6234000000000001	2.5509199999999996	.03117
5.04	1160.6387835787543	23.703616645547687	52.25567454270481	2.0365582557814794	3972.292310459881	10.76083502079736	0	1224.3416699229178	22.908279024612888	54.67526430952279	2.1457263818620804	4210.653642856444	12.650674536656668	0	1259.76786788761	22.55506491531684	56.08500037232182	2.1353787669716646	4345.934741366081	9.847874227154849	0	1008.191752255088	19.84239661895233	44.960997155156335	1.793042460729244	3474.2686973392283	11.04012048680544	0	1035.9849359942812	20.082630476002294	45.72503043533769	2.0510562051046346	3580.7735289704347	14.860058040246045	0	236.2242753868706	4.364097618839205	10.29871848051304	.5325456023646227	812.0003066535023	13.489772636813154	0	1174.9595670341105	25.55435340519399	53.68792266553945	1.926002965298137	3997.8430393725407	9.492058178325788	0	30.514832251542213	65.87895578091658	44.236565637727	2.5618138178461693	3259.57523360434	9.223727820366431	.41799181547592795	1.12212	.6234000000000001	.77925	.37152000000000024	.12468	.6234000000000001	2.5509	.03117
5.06	1159.1550582958516	23.896968586272838	52.20739842142965	2.0481001396794993	3968.9007459207082	10.76083502079736	0	1222.8345575510348	23.085346227365584	54.62654169986673	2.1582135480384914	4206.911983099902	12.650674536656668	0	1258.257051597064	22.723153759858434	56.035998403975725	2.148460737738772	4342.0220665754205	9.847874227154849	0	1006.9425449743849	20.003737960052387	44.921265460261026	1.8033669707708813	3471.1498238658755	11.04041765566999	0	1034.7035876878394	20.261830735996806	45.685645637725614	2.06173987008624	3577.4709443139113	14.860058040246045	0	235.92612475505254	4.419971062833153	10.288953530385134	.535320481196698	811.241959634521	13.489772636813154	0	1173.4642960857889	25.76583288745743	53.634933243299294	1.9375499200633342	3994.9149690202403	9.492132600158083	0	30.489238048604484	65.82449947508968	44.22648480915225	2.5718189163813663	3258.57442374301	9.223727820366431	.41799181547592795	1.12212	.6234000000000001	.77925	.37151000000000023	.12468	.6234000000000001	2.55088	.03117
5.08	1157.6709978490383	24.088132110644764	52.15913918034553	2.0596299666990516	3965.511445970458	10.76083502079736	0	1221.326852759801	23.26007432656001	54.577829649068285	2.1706843638016085	4203.172263911637	12.650674536656668	0	1256.7453927700656	22.8887373734041	55.98700740805146	2.161523524661947	4338.110145461639	9.847874227154849	0	1005.6929009663985	20.16302658000517	44.88153991843424	1.8136771514960452	3468.032764055395	11.04071484053286	0	1033.4211869231594	20.43928425847471	45.64625727756565	2.0724076180766957	3574.1703007791966	14.860058040246045	0	235.62773188508558	4.475752846224425	10.279215877708907	.5380771902211998	810.484988878736	13.489772636813154	0	1171.9680293272052	25.974686002750573	53.58200960934407	1.9490869542779339	3991.9814661743303	9.492207023157386	0	30.463470484843654	65.77060787339136	44.21636697373963	2.5818234025083133	3257.57258371677	9.223727820366431	.41799181547592795	1.12212	.6234000000000001	.77925	.3715000000000002	.12468	.6234000000000001	2.5508599999999997	.03117
5.1	1156.18665408736	24.277051677223813	52.11089708571812	2.0711477498700592	3962.124361908134	10.76083502079736	0	1219.8186305976776	23.432401393701166	54.529128343570925	2.1831389581590273	4199.434462676215	12.650674536656668	0	1255.2329884300889	23.051747660991158	55.93802740720233	2.174567363969366	4334.198989357186	9.847874227154849	0	1004.4428876456608	20.320201380621853	44.841820407213845	1.8239734282330815	3464.91749097063	11.041012041395346	0	1032.1378046261684	20.614931782959992	45.606865424136124	2.0830594751281057	3570.8716084411053	14.860058040246045	0	235.32912561766068	4.531432779430406	10.26950346970792	.5408184245093699	809.7294438073158	13.489772636813154	0	1170.470846782523	26.180841644202612	53.52915141284978	1.960614110965621	3989.042570166431	9.492281447323725	0	30.437535765313996	65.71729128532195	44.20621218885018	2.5918272536806555	3256.5697378972677	9.223727820366431	.41799181547592795	1.12212	.6234000000000001	.77925	.37149000000000026	.12468	.6234000000000001	2.55084	.03117
5.12	1154.7020734615744	24.463672243099175	52.06267236999166	2.082653505272424	3958.7394460943424	10.76083502079736	0	1218.3099624903812	23.602263074306435	54.48043796211614	2.1955774754017097	4195.6985493730235	12.650674536656668	0	1253.7199333245214	23.212111959316353	55.88905843342268	2.1875925204779825	4330.288595323706	9.847874227154849	0	1003.1925691152915	20.475198836231105	44.80210675235259	1.8342562903454709	3461.803969961244	11.041309258258742	0	1030.8535081088348	20.78871395438556	45.56747010964726	2.0936954634380176	3567.5748753373923	14.860058040246045	0	235.03033888427487	4.587001713565251	10.259814047490533	.5435472684198294	808.9753889001655	13.489772636813154	0	1168.972821266393	26.38422808066593	53.47635829233866	1.9721314444752815	3986.09831259574	9.492355872657127	0	30.4114404758297	65.66456617197525	44.196020511707914	2.6018304471960616	3255.5659172420856	9.223727820366431	.41799181547592795	1.12212	.6234000000000001	.77925	.37148000000000025	.12468	.6234000000000001	2.55082	.03117
5.14	1153.2173925120815	24.64795770297314	52.01446566184445	2.0941472007384085	3955.3566890867173	10.76083502079736	0	1216.8009675887047	23.769662238521548	54.431758780237686	2.2079998161587273	4191.964631751404	12.650674536656668	0	1252.206336558788	23.36986119278248	55.840100459680635	2.2005987970309704	4326.379176874704	9.847874227154849	0	1001.942050178752	20.62802103278027	44.76239959410819	1.8445252040121574	3458.692303599554	11.041606491124337	0	1029.5684207363443	20.96059769600391	45.52807193195559	2.104315643180822	3564.2801614518794	14.860058040246045	0	234.73134919440682	4.642435561169883	10.250148942692286	.5462605265977775	808.2226709900737	13.489772636813154	0	1167.4741329266776	26.584818642612788	53.42363009197962	1.9836388337744941	3983.1488719058652	9.492430299157617	0	30.38518463031165	65.61236237739489	44.18579200453083	2.611832964051927	3254.561058038106	9.223727820366431	.41799181547592795	1.12212	.6234000000000001	.77925	.37147000000000024	.12468	.6234000000000001	2.5508	.03117
5.16	1151.7326978672465	24.829864008707652	51.96627735703662	2.1056288309006668	3951.9760651134975	10.76083502079736	0	1215.2917374330127	23.93456707139685	54.38309101715361	2.2204060166086244	4188.232742696931	12.650674536656668	0	1250.6922971113677	23.524971554286687	55.79115349945615	2.2135862528597188	4322.470826157185	9.847874227154849	0	1000.691411752559	20.778636123891634	44.72269911840934	1.8547802044627248	3455.5825194159147	11.041903739993424	0	1028.2826343680138	21.13053771837528	45.48867117268427	2.114920050762173	3560.9874996222193	14.860058040246045	0	234.43216571356083	4.6977187253140436	10.240507516681197	.5489584893314734	807.4712599104257	13.489772636813154	0	1165.9749012981154	26.782564968731243	53.37096654487295	1.9951362557944672	3980.1943469626744	9.492504726825226	0	30.358771849365183	65.5606589167194	44.17552672702106	2.6218347832936564	3253.5551501162295	9.223727820366431	.41799181547592795	1.12212	.6234000000000001	.77925	.3714600000000003	.12468	.6234000000000001	2.55078	.03117
5.18	1150.2480762659989	25.009348858689602	51.91810784396734	2.1170983902878318	3948.597551512048	10.76083502079736	0	1213.7823628426604	24.096947600818673	54.33443489052601	2.23279611274131	4184.502916325366	12.650674536656668	0	1249.1779125291635	23.677421213619297	55.74221757079082	2.2265549464250203	4318.563634907661	9.847874227154849	0	999.4407339111199	20.9270140151644	44.683005510923245	1.8650213260727264	3452.4746458708414	11.042201004867296	0	1026.9962405999	21.298490369178552	45.449268113311035	2.125508720653065	3557.696923830527	14.860058040246045	0	234.1327980523396	4.752835728792669	10.230889150585417	.5516414364877518	806.7211264851522	13.489772636813154	0	1164.4752453056565	26.977420983474186	53.318367386442866	2.0066236875444012	3977.2348380727003	9.49257915565998	0	30.332205715106717	65.50943533437145	44.16522473905527	2.6318358840347926	3252.54818375949	9.223727820366431	.41799181547592795	1.12212	.6234000000000001	.77925	.3714500000000003	.12468	.6234000000000001	2.55076	.03117
5.2	1148.7636144897228	25.186371747332814	51.86995750392922	2.1285558732949412	3945.221128670101	10.76083502079736	0	1212.2729338587544	24.256775733050873	54.285790616426404	2.2451701403614686	4180.775187967528	12.650674536656668	0	1247.6632788764775	23.82719034423657	55.693292696052545	2.2395049354071297	4314.657694474498	9.847874227154849	0	998.1900958315969	21.073126402092353	44.643318956963434	1.8752486024025836	3449.368712347458	11.042498285747246	0	1025.7093306910858	21.46441368589664	45.409863035469854	2.1360816851921833	3554.4084691877138	14.860058040246045	0	233.83325623668102	4.8077712258289	10.221293244911879	.5543096371795695	805.9722424760134	13.489772636813154	0	1162.9752831798974	27.16934295778238	53.26583235445286	2.0181011060828347	3974.270446959717	9.492653585661905	0	30.305489769953496	65.4586716782817	44.154886100686326	2.6418362454548383	3251.540149675915	9.223727820366431	.41799181547592795	1.12212	.6234000000000001	.77925	.37144000000000027	.12468	.6234000000000001	2.55074	.03117
5.22	1147.2793992941506	25.36089401457989	51.821826711362675	2.1400012741538523	3941.846779966996	10.76083502079736	0	1210.7635396869175	24.414025288276214	54.23715840930119	2.2575281350919636	4177.049594154165	12.650674536656668	0	1246.1484906839867	23.974261150033367	55.64437890170022	2.252436276695817	4310.753095840251	9.847874227154849	0	996.9395757387734	21.216946807981373	44.60363964139769	1.8854620662364763	3446.264749143948	11.042795582634568	0	1024.4219954899688	21.62826744850178	45.37045622125267	2.146638974388246	3551.1221719178234	14.860058040246045	0	233.53355067809525	4.862510013777046	10.211719219164953	.5569633494335495	805.2245805298832	13.489772636813154	0	1161.4751323725143	27.358289569807393	53.21336118902117	2.0295684884889846	3971.3012767413147	9.492728016831032	0	30.278627515413397	65.40834847411298	44.14451087214495	2.651835846797071	3250.531038971389	9.223727820366431	.41799181547592795	1.12212	.6234000000000001	.77925	.37143000000000026	.12468	.6234000000000001	2.55072	.03117
5.24	1145.7955173412527	25.532878895404206	51.773715834110384	2.151434586903663	3938.4744917149255	10.76083502079736	0	1209.2542686400504	24.568672036137908	54.18853848193708	2.2698701323772483	4173.326172600828	12.650674536656668	0	1244.6336408977172	24.118617892115907	55.59547621804844	2.2653490263804237	4306.849929644011	9.847874227154849	0	995.6892508499195	21.358450621867107	44.56396774855589	1.8956617496212413	3443.1627874660057	11.04309289553055	0	1023.134325360549	21.790013232140915	45.33104795351111	2.1571806157223525	3547.8380693423633	14.860058040246045	0	233.2336921439015	4.9170370448255865	10.20216651146511	.5596028198575274	804.4781141260324	13.489772636813154	0	1159.974909471696	27.544221965634634	53.16095363263614	2.0410258118340945	3968.327431905477	9.492802449167385	0	30.25162241087468	65.35844669948418	44.1340991138413	2.6618346673663664	3249.520843122513	9.223727820366431	.41799181547592795	1.12212	.6234000000000001	.77925	.37142000000000025	.12468	.6234000000000001	2.5507	.03117
5.26	1144.3120551311306	25.702291569311747	51.72562523367165	2.162855805361132	3935.1042531001726	10.76083502079736	0	1207.7452080810947	24.720693731281017	54.139931045426586	2.2821961674867692	4169.604962192739	12.650674536656668	0	1243.11882082802	24.260246915574445	55.546584679032186	2.2782432397399144	4302.9482862037485	9.847874227154849	0	994.4391973196574	21.497615136432472	44.52430346213788	1.9058476839052632	3440.0628594192867	11.043390224436491	0	1021.8464101087176	21.949614459820992	45.29163851615822	2.167706633950328	3544.5561998646413	14.860058040246045	0	232.93369172746515	4.971337437700149	10.192634578167567	.562228283308095	803.7328175234142	13.489772636813154	0	1158.474730117579	27.727103820006285	53.10860943017163	2.0524730531527724	3965.3490182871583	9.492876882670993	0	30.22447787239581	65.30894775819434	44.12365088636666	2.6718326865270137	3248.5095539494646	9.223727820366431	.41799181547592795	1.12212	.6234000000000001	.77925	.37141000000000024	.12468	.6234000000000001	2.55068	.03117
5.28	1142.8290989339084	25.86909920984311	51.67755526545681	2.1742649230910978	3931.736056124353	10.76083502079736	0	1206.2364443657962	24.870070148893973	54.09133630913336	2.294506275518378	4165.886002969665	12.650674536656668	0	1241.604120098546	24.399136676256024	55.497704321971526	2.2911189712329363	4299.048255538649	9.847874227154849	0	993.1894901848267	21.634419585925322	44.484646965121364	1.9160198997773714	3436.964998001856	11.043687569353681	0	1020.5583389085438	22.10703645509436	45.252228194470156	2.178217050905072	3541.2766029540967	14.860058040246045	0	232.6335608184345	5.025396489366507	10.183122893480949	.5648399625581478	802.9886657079472	13.489772636813154	0	1156.974708917679	27.906901397044333	53.05632832890246	2.06391018941434	3962.3661430448565	9.492951317341884	0	30.197197271495178	65.2598334544466	44.11316625049501	2.6818298837005368	3247.4971635888633	9.223727820366431	.41799181547592795	1.12212	.6234000000000001	.77925	.3714000000000003	.12468	.6234000000000001	2.55066	.03117
5.3	1141.3467347216242	26.033271034075344	51.62950627904166	2.1856619333768963	3928.3698955456607	10.76083502079736	0	1204.7280627854673	25.016783120249993	54.04275448065775	2.3068004914017344	4162.169336110789	12.650674536656668	0	1240.0896265952215	24.53527776753713	55.44883518733631	2.3039762744878685	4295.149927391462	9.847874227154849	0	991.9402033093506	21.768845184075985	44.44499843966979	1.9261784273057327	3433.869237096642	11.043984930283415	0	1019.2702002285645	22.262246494744023	45.21281727538789	2.188711885298899	3537.9993191306385	14.860058040246045	0	232.33331107297786	5.079199686733547	10.173630949085945	.5674380679644282	802.2456343397998	13.489772636813154	0	1155.4749593623274	28.083583610973513	53.00411007851975	2.075337197494172	3959.3789146371932	9.493025753180085	0	30.169783933940945	65.21108596707228	44.102645267184734	2.6918262383635105	3246.4836644666284	9.223727820366431	.41799181547592795	1.12212	.6234000000000001	.77925	.3713900000000003	.12468	.6234000000000001	2.55064	.03117
5.32	1139.8650481001223	26.194778352123944	51.58147861842182	2.1970468291907843	3925.005768820105	10.76083502079736	0	1203.2201475097495	25.1608165682486	53.99418576580213	2.319078849901717	4158.455003919581	12.650674536656668	0	1238.5754264152226	24.668662947096486	55.399977318510835	2.3168152022928816	4291.2533912508425	9.847874227154849	0	990.6914093291007	21.900875162014888	44.405358067040176	1.9363232959767482	3430.775611463883	11.044282307226984	0	1017.9820817580709	22.415213861469084	45.17340604781896	2.1991911525258927	3534.724389948976	14.860058040246045	0	232.03295438402048	5.13273271835628	10.164158253753959	.5700227971350716	801.5036997006746	13.489772636813154	0	1153.9755937401028	28.25712208684433	52.9519544311464	2.086754054145042	3956.387442799488	9.493100190185622	0	30.142241138540758	65.16268782375481	44.09208799758018	2.7018217300453844	3245.4690492708405	9.223727820366431	.41799181547592795	1.12212	.6234000000000001	.77925	.37138000000000027	.12468	.6234000000000001	2.55062	.03117
5.34	1138.3841210667038	26.35356592129273	51.53347250676198	2.2084196397153626	3921.64365929732	10.76083502079736	0	1201.7127938049482	25.3021204086307	53.945630392924166	2.3313413875072757	4154.743021765073	12.650674536656668	0	1237.061628327674	24.799244353662075	55.351130820403306	2.3296358540003217	4287.358698179503	9.847874227154849	0	989.4431949089783	22.030459300602736	44.36572598981121	1.9464546073354387	3427.6841310987656	11.044579700185684	0	1016.6940749736589	22.56588046534543	45.133994540814214	2.2096550420055587	3531.4518354121205	14.860058040246045	0	231.73251064401987	5.185981215790154	10.154704080359522	.5725950211298386	800.7628689736965	13.489772636813154	0	1152.4767268430342	28.427449173732636	52.89986110252549	2.0981607714580837	3953.3918010691145	9.493174628358524	0	30.114574305159472	65.1146357902591	44.081494500822636	2.711816339256285	3244.4533272676663	9.223727820366431	.41799181547592795	1.12212	.6234000000000001	.77925	.3713700000000003	.12468	.6234000000000001	2.5506	.03117
5.36	1136.904033836026	26.50956911753231	51.485488115569986	2.2197804085047252	3918.2835461534787	10.76083502079736	0	1200.206100652201	25.440632146167395	53.897088598350535	2.3435881413098314	4151.033394799796	12.650674536656668	0	1235.5483490969575	24.92695907769069	55.30229582409897	2.34243834722556	4283.465883626292	9.847874227154849	0	988.1956515512791	22.157535153839195	44.32610233427389	1.9565724917044478	3424.5947965196665	11.044877109160808	0	1015.4062722967633	22.714178457548442	45.09458268027439	2.2201038110497406	3528.181667423294	14.860058040246045	0	231.43200306554712	5.238930926605828	10.145267616224155	.5751558744870048	800.0231620918242	13.489772636813154	0	1150.9784736207523	28.594483094399223	52.847829795203026	2.1095573756581736	3950.3920491084905	9.493249067698818	0	30.086789687239328	65.06693254184349	44.07086483535905	2.7218100469299333	3243.4365145226334	9.223727820366431	.41799181547592795	1.12212	.6234000000000001	.77925	.3713600000000003	.12468	.6234000000000001	2.55058	.03117
5.38	1135.4248745920022	26.662802758482147	51.43752592228453	2.2311290803786425	3914.9254561371486	10.76083502079736	0	1198.700132713851	25.57638869736733	53.84856055089506	2.355819143173754	4147.326204701892	12.650674536656668	0	1234.0356376008544	25.051861627621875	55.25347230457963	2.3552226711534243	4279.575085608176	9.847874227154849	0	986.9488281698385	22.28213792884444	44.2864873269079	1.9666768836189046	3421.5076780659006	11.045174534153649	0	1014.1187526645743	22.860121333114954	45.055171100176096	2.230537235413248	3524.9139595966576	14.860058040246045	0	231.1314340440927	5.29156856245778	10.135848744211827	.5777046309951207	799.2845178464974	13.489772636813154	0	1149.4809373716873	28.758258086574617	52.795860318660466	2.1209437972826084	3947.388348542833	9.493323508206531	0	30.05888759787236	65.0195435892477	44.0601990657211	2.731802831544393	3242.4185833136835	9.223727820366431	.41799181547592795	1.12212	.6234000000000001	.77925	.3713500000000003	.12468	.6234000000000001	2.5505600000000004	.03117
5.4	1133.9467262110484	26.813241745923406	51.38958622988953	2.2424656534889733	3911.569393829454	10.76083502079736	0	1197.194971357293	25.709376063921763	53.80004645330639	2.368034427585496	4143.6214929650105	12.650674536656668	0	1232.5235767776603	25.17394581564592	55.20466032535277	2.3679888838286947	4275.68638579902	9.847874227154849	0	985.7027947520581	22.40425277798784	44.24688113749618	1.9767678239745334	3418.422809218617	11.045471975165501	0	1012.8316007653741	23.00368151446773	45.01576005211972	2.240955347880827	3521.6487533199256	14.860058040246045	0	230.8308175546008	5.343880685812984	10.12644699120289	.5802415601591915	798.5469200549031	13.489772636813154	0	1147.9842254284777	28.91874949560034	52.743952427763574	2.1323200188317935	3944.380807094784	9.493397949881691	0	30.03087151840146	64.972455156013	44.049497253410706	2.741794672989762	3241.3995301107548	9.223727820366431	.41799181547592795	1.12212	.6234000000000001	.77925	.3713400000000003	.12468	.6234000000000001	2.5505400000000003	.03117
5.42	1132.4696708114436	26.960862857510396	51.34166933519038	2.2537901261204754	3908.215365944381	10.76083502079736	0	1195.6906967408488	25.839581931718552	53.75154650675742	2.3802340289142925	4139.919301677327	12.650674536656668	0	1231.0122479187248	25.293207058879716	55.1558599526167	2.380737043174011	4271.799865111812	9.847874227154849	0	984.4576200295735	22.523866485671217	44.20728393384449	1.9868453544554259	3415.3402238834155	11.04576943219766	0	1011.5449002147814	23.144833216781176	44.97634978693606	2.2513581798057105	3518.3860905717866	14.860058040246045	0	230.53016778614483	5.395854114921593	10.117061895171146	.5827669281906273	797.8103533833709	13.489772636813154	0	1146.488443560548	29.07593500036693	52.692105879258136	2.143686023114945	3941.3695330401038	9.493472392724327	0	30.002744912608946	64.92565391098388	44.03875946008849	2.751785551213163	3240.3793517749036	9.223727820366431	.41799181547592795	1.12212	.6234000000000001	.77925	.37133000000000027	.12468	.6234000000000001	2.55052	.03117
5.44	1130.9937896832762	27.105644778688237	51.29377552899751	2.2651024966836255	3904.8633812597573	10.76083502079736	0	1194.1873877640523	25.966995684240786	53.70306091082557	2.3924179814167297	4136.219673489228	12.650674536656668	0	1229.5017306324469	25.409642379905822	55.10707125506134	2.3934672070089866	4267.915603697598	9.847874227154849	0	983.213371432501	22.64096748448887	44.167695881666155	1.996909517617428	3412.2599563670865	11.04606690525142	0	1010.2587334848829	23.28355248263146	44.936940554827466	2.2617457610207645	3515.126013892406	14.860058040246045	0	230.22949911693942	5.447475935354272	10.1076930046477	.5852809980954924	797.0748033132428	13.489772636813154	0	1144.9936958918636	29.22979464827051	52.6403204317616	2.1550417932431856	3938.354635161296	9.493546836734463	0	29.974511226847866	64.87912695105909	44.02798574757405	2.7617754462171358	3239.3580455411816	9.223727820366431	.41799181547592795	1.12212	.6234000000000001	.77925	.3713200000000003	.12468	.6234000000000001	2.5505	.03117
5.46	1129.5191632183914	27.247568134610372	51.24590509631002	2.276402763707436	3901.5134505482292	10.76083502079736	0	1192.6851220179346	26.091608415965318	53.65458986347324	2.404586319241303	4132.522651580997	12.650674536656668	0	1227.9921028082715	25.523250407311394	55.058294303668966	2.4061794330693136	4264.033680944421	9.847874227154849	0	981.9701150436887	22.755545871387515	44.12811714446692	2.0069603569715224	3409.1820413543537	11.046364394328075	0	1008.9731818333655	23.41981721664653	44.89753260550886	2.272118119749626	3511.8685663539295	14.860058040246045	0	229.92882608935287	5.498733511539497	10.098339878184836	.5877840297627531	796.3402561067469	13.489772636813154	0	1143.5000848186883	29.380310890169262	52.58859584575467	2.166387312622632	3935.3362227012353	9.49362128191213	0	29.946173890173345	64.83286178394266	44.01717617784627	2.77176433805802	3238.3356090015095	9.223727820366431	.41799181547592795	1.12212	.6234000000000001	.77925	.3713100000000003	.12468	.6234000000000001	2.5504800000000003	.03117
5.48	1128.0458708403364	27.38661552205621	51.198058316499335	2.287690925832273	3898.165586508246	10.76083502079736	0	1191.183975735309	26.213412945761366	53.60613356102817	2.4167390764329832	4128.828279630504	12.650674536656668	0	1226.4834405806841	25.634031376227217	55.00952917151493	2.418873779025878	4260.154175476253	9.847874227154849	0	980.7279155529634	22.86759342382632	44.088547883429676	2.016997917067214	3406.1065138846147	11.04666189942892	0	1007.6883252326473	23.553607220156206	44.85812618834884	2.28247528251785	3508.613791530986	14.860058040246045	0	229.6281633849189	5.549614498300895	10.089002083819857	.5902762800525262	795.6066987728678	13.489772636813154	0	1142.0077109273388	29.52746861533999	52.536931883572905	2.1777225649474916	3932.3144053167935	9.493695728257354	0	29.917736314473885	64.78684631089499	44.00633081304357	2.781752206844351	3237.3120400875555	9.223727820366431	.41799181547592795	1.12212	.6234000000000001	.77925	.3713000000000003	.12468	.6234000000000001	2.55046	.03117
5.5	1126.573990934308	27.522771541348657	51.15023546349279	2.2989669818026734	3894.8198036950375	10.76083502079736	0	1189.684023741057	26.332403830289056	53.557692198163835	2.428876286937775	4125.136601780887	12.650674536656668	0	1224.9758182932085	25.741987128866672	54.960775933568456	2.431550302503865	4256.27716515194	9.847874227154849	0	979.4868362113805	22.97710361593684	44.048988257299285	2.0270222435759124	3403.0334093286847	11.046959420555247	0	1006.4042422990096	23.684904225842235	44.81872155251079	2.292817274064046	3505.361733471189	14.860058040246045	0	229.32752579934927	5.600106852394542	10.07967919853896	.5927580028843268	794.8741190332189	13.489772636813154	0	1140.5166729119421	29.671255186434607	52.48532830939837	2.1890475341931466	3929.2892930324642	9.49377017577016	0	29.889201894602714	64.74106880948385	43.99544971546425	2.791739032735243	3236.2873370536095	9.223727820366431	.41799181547592795	1.12212	.6234000000000001	.77925	.3712900000000003	.12468	.6234000000000001	2.55044	.03117
5.52	1125.1036007770995	27.656022828271738	51.102436805957254	2.3102309304601643	3891.4761184515955	10.76083502079736	0	1188.1853394024124	26.448577377398028	53.50926596787981	2.440997984607285	4121.447662608244	12.650674536656668	0	1223.4693084624002	25.847121115064745	54.9120346664934	2.444209061101872	4252.402727064131	9.847874227154849	0	978.246938785472	23.084071634683035	44.00943842226734	2.037033383374318	3399.9627633655336	11.047256957708353	0	1005.1210102217282	23.81369193238837	44.77931894709393	2.3031441172510263	3502.112436665641	14.860058040246045	0	229.02692821754553	5.650198844046298	10.070370807741092	.5952294493253171	794.1425052879138	13.489772636813154	0	1139.027067492191	29.811660474436668	52.43378488925121	2.200362204609253	3926.2609961939916	9.493844624450581	0	29.860574008509097	64.69551791633542	43.98453294756671	2.801724795938781	3235.2614984594625	9.223727820366431	.41799181547592795	1.12212	.6234000000000001	.77925	.3712800000000003	.12468	.6234000000000001	2.5504200000000004	.03117
5.54	1123.6347764670459	27.786358085988162	51.05466260748277	2.321482770736079	3888.1345488396532	10.76083502079736	0	1186.6879945792475	26.56193165952598	53.46085506148217	2.45310420320328	4117.761507089317	12.650674536656668	0	1221.963981741844	25.949438392817026	54.86330544844894	2.456850112411018	4248.53093753822	9.847874227154849	0	977.0082835114962	23.18849439602124	43.969898531856934	2.047031384627806	3396.894611959033	11.047554510889535	0	1003.8387046922048	23.939956039130433	44.73991862127442	2.3134558329769446	3498.8659460194353	14.860058040246045	0	228.72638558861144	5.699879068489121	10.061076504701806	.5976908676785545	793.4118465814381	13.489772636813154	0	1137.5389893310992	29.9486768936179	52.38230139098128	2.2116665607128265	3923.2296254219955	9.49391907429864	0	29.83185601736966	64.6501826098854	43.97358057196985	2.8117094767104094	3234.2345231532786	9.223727820366431	.41799181547592795	1.12212	.6234000000000001	.77925	.37127000000000027	.12468	.6234000000000001	2.5504000000000002	.03117
5.56	1122.1675928539719	27.913768116956902	51.00691312676617	2.332722501644375	3884.795114570665	10.76083502079736	0	1185.192059574358	26.67246652709724	53.41245966856387	2.465194976402252	4114.078180569179	12.650674536656668	0	1220.459906886149	26.048945628818657	54.81458835889041	2.4694735140340507	4244.661872131284	9.847874227154849	0	975.7709290496857	23.29037056106014	43.930368736807516	2.0570162968738077	3393.8289913346953	11.047852080100084	0	1002.5573998330991	24.063684280706354	44.700520824446464	2.3237524400864378	3495.622306822161	14.860058040246045	0	228.42591290086503	5.749136457500375	10.051795890037129	.6001425035712395	792.6821325685216	13.489772636813154	0	1136.0525309527588	30.08229943649469	52.330877584259774	2.222960587281336	3920.1952915655984	9.493993525314366	0	29.80305126571972	64.60505219312995	43.96259265145323	2.821693055351318	3233.206410254475	9.223727820366431	.41799181547592795	1.12212	.6234000000000001	.77925	.3712600000000003	.12468	.6234000000000001	2.55038	.03117
5.58	1120.7021433320795	28.038211882235302	50.959188567058625	2.343950134567735	3881.457829475354	10.76083502079736	0	1183.6976287321208	26.78015403366709	53.364079998199855	2.477270322807345	4110.397723608476	12.650674536656668	0	1218.9571816413577	26.145623579326895	54.76588355043299	2.482079295672168	4240.795601070156	9.847874227154849	0	974.5349600431866	23.38967048158441	43.89084929644664	2.066988068820651	3390.765933874809	11.048149665341299	0	1001.2771933142261	24.184832002487312	44.66112565841352	2.3340341022143813	3492.381552930094	14.860058040246045	0	228.12552747774672	5.7979560071754985	10.042528835598073	.6025844130580017	791.9533545039916	13.489772636813154	0	1134.5678154334055	30.212480911493664	52.27951323780455	2.234244272847393	3917.158093716166	9.494067977497785	0	29.774162476577178	64.56011902925727	43.95156924721521	2.831675513840962	3232.177161333791	9.223727820366431	.41799181547592795	1.12212	.6234000000000001	.77925	.3712500000000003	.12468	.6234000000000001	2.5503600000000004	.03117
5.6	1119.2385336174118	28.15962705630746	50.91148909206461	2.3551656894425794	3878.1227037458452	10.76083502079736	0	1182.2048124442774	26.884947614188995	53.31571627235629	2.489330250596842	4106.72017353716	12.650674536656668	0	1217.4559231295825	26.239435614833297	54.71719122633116	2.4946674677960594	4236.932190663082	9.847874227154849	0	973.3004785218412	23.486345530499698	43.85134054404204	2.0769465801132543	3387.7054693594528	11.048447266614474	0	999.9981984801663	24.303332868862462	44.62173312335641	2.3443010821851122	3489.1437103880944	14.860058040246045	0	227.8252482339413	5.846320116347629	10.033275402027934	.605016520627151	791.2255048914695	13.489772636813154	0	1133.0849861677439	30.339145853728166	52.22820812022859	2.245517608607232	3914.118122859278	9.494142430848926	0	29.74519193897299	64.51537767170254	43.94051041941287	2.8416568353292777	3231.1467797155906	9.223727820366431	.41799181547592795	1.12212	.6234000000000001	.77925	.3712400000000003	.12468	.6234000000000001	2.5503400000000003	.03117
5.62	1117.7768051044152	28.278061026413475	50.8638150217175	2.3663691473602	3874.7897726311335	10.76083502079736	0	1180.713638223491	26.986896163728005	53.26736864408618	2.5013748153266433	4103.045584161924	12.650674536656668	0	1215.956148588968	26.330433811368756	54.66851136247041	2.507238129346471	4233.071720881155	9.847874227154849	0	972.067497437936	23.580444042932697	43.81184245689404	2.086892035732427	3384.6476406781626	11.048744883920904	0	998.720447182205	24.419231741199802	44.58234368833398	2.3545531754854827	3485.9088428450705	14.860058040246045	0	227.52508670313264	5.89422511240951	10.02403481882278	.6074393401323565	790.4985735017013	13.489772636813154	0	1131.6040804427234	30.4623632574397	52.17696201069579	2.256780574914841	3911.0755078576535	9.494216885367816	0	29.716143840439187	64.4708142343034	43.92941623387879	2.8516369978353824	3230.1152619903596	9.223727820366431	.41799181547592795	1.12212	.6234000000000001	.77925	.37123000000000034	.12468	.6234000000000001	2.55032	.03117
5.64	1116.3170309335642	28.393506495233535	50.816166586797976	2.3775605100597073	3871.45906025433	10.76083502079736	0	1179.2241747930975	27.08600084216302	53.219037300190294	2.513404047369698	4099.374000950686	12.650674536656668	0	1214.4579250231404	26.418625754370765	54.619844055956534	2.5197913325595427	4229.214263282469	9.847874227154849	0	970.8360742285927	23.6719657889403	43.7723551958235	2.0968244710156836	3381.592484051512	11.049042517261885	0	997.4440116127281	24.532517928076437	44.542957575339265	2.3647904213375037	3482.676994468453	14.860058040246045	0	227.2250582462735	5.94166052921088	10.01480676365351	.6098530698639044	789.7725522945568	13.489772636813154	0	1130.1251879798228	30.582129789726103	52.12577468552375	2.2680331582229623	3908.0303576151127	9.494291341054485	0	29.687021338872636	64.42641969813624	43.91828675368881	2.861615982155208	3229.08260863212	9.223727820366431	.41799181547592795	1.12212	.6234000000000001	.77925	.3712200000000003	.12468	.6234000000000001	2.5503000000000005	.03117
5.66	1114.859282998088	28.50595782308585	50.768544013213706	2.3887397795444927	3868.1305919111146	10.76083502079736	0	1177.7364895247067	27.182264130700567	53.17072242603363	2.5254179767711564	4095.7054694875023	12.650674536656668	0	1212.9613179040646	26.50402015362909	54.57118940547058	2.5323271292842526	4225.359888570767	9.847874227154849	0	969.606265014698	23.76091183234263	43.732878920264596	2.1067439212792918	3378.540035773186	11.049340166638714	0	996.1689624867914	24.64318233676389	44.503575004670346	2.3750128590657913	3479.4482094540526	14.860058040246045	0	226.92517817966686	5.988616219018591	10.00559092353067	.6122579025682134	789.0474336876307	13.489772636813154	0	1128.6483965303996	30.698444077891608	52.07464592276049	2.2792753452722216	3904.9827808208	9.494365797908955	0	29.65782756547812	64.38218533131351	43.90712204205011	2.8715937691513016	3228.0488203394116	9.223727820366431	.41799181547592795	1.12212	.6234000000000001	.77925	.3712100000000003	.12468	.6234000000000001	2.5502800000000003	.03117
5.68	1113.403631887237	28.61541103706602	50.72094752214891	2.399906958083286	3864.804393995717	10.76083502079736	0	1176.2506484056835	27.275689825434792	53.12242420554005	2.537416633242875	4092.0400354368294	12.650674536656668	0	1211.4663911567745	26.586626825373163	54.52254751111792	2.5448455709827935	4221.508666591317	9.847874227154849	0	968.3781245736616	23.847284526720998	43.693413788224376	2.1166504218330724	3375.490332183986	11.049637832052687	0	994.8953689881398	24.751217484773665	44.464196194972224	2.3852205281072223	3476.222531988659	14.860058040246045	0	226.62546175153426	6.035082361181708	9.99638699444563	.6146540254107098	788.3232105228005	13.489772636813154	0	1127.1737918154208	30.811306714367333	52.02357550217422	2.2905071230865635	3901.9328858948024	9.494440255931258	0	29.628565624494	64.33810267358062	43.89592216230034	2.8815703397523063	3227.013898019644	9.223727820366431	.41799181547592795	1.12212	.6234000000000001	.77925	.3712000000000003	.12468	.6234000000000001	2.55026	.03117
5.7	1111.9501468295457	28.721863840186483	50.673377330214	2.411062048211218	3861.4804939268906	10.76083502079736	0	1174.7667160066308	27.366283030907546	53.074142821186896	2.5494000461579325	4088.37774450777	12.650674536656668	0	1209.9732071441056	26.666456674359537	54.473918474277355	2.5573467087309614	4217.660666326795	9.847874227154849	0	967.1517063121729	23.931087511415985	43.653959956242275	2.1265440079952067	3372.4434096458367	11.049935513505098	0	993.6232987152264	24.856617511402945	44.42482136327872	2.395413468020595	3473.000006212638	14.860058040246045	0	226.325924118584	6.081049470796631	9.987194681011719	.6170416199387064	787.5998760327852	13.489772636813154	0	1125.701457465192	30.920720261631867	51.97256320524308	2.301728478968693	3898.880780933771	9.49451471512142	0	29.599238592917903	64.29416352091268	43.88468717790673	2.8915456749524457	3225.9778427734414	9.223727820366431	.41799181547592795	1.12212	.6234000000000001	.77925	.3711900000000003	.12468	.6234000000000001	2.5502400000000005	.03117
5.72	1110.4988956360978	28.825315620515862	50.62583364959516	2.4222050527308765	3858.158920073894	10.76083502079736	0	1173.2847554488715	27.454050153668412	53.025878453999596	2.5613682445451356	4084.718642418332	12.650674536656668	0	1208.4818266514264	26.743521675959265	54.425302397450125	2.5698305932185295	4213.81595589316	9.847874227154849	0	965.9270622389593	24.012325707525438	43.61451757934968	2.1364247151070366	3369.3993045157895	11.050233210997245	0	992.3528176272313	24.95937818928014	44.38545072505434	2.4055917184962876	3469.7806761825327	14.860058040246045	0	226.02658032257955	6.1265084073722	9.978013696105407	.6194208620442795	786.8774238077034	13.489772636813154	0	1124.231474959088	31.02668925713177	51.92160881514493	2.3129394004955133	3895.8265736565427	9.494589175479469	0	29.569849520232392	64.25035991011133	43.87341715246523	2.9015197558110097	3224.9406558789974	9.223727820366431	.41799181547592795	1.12212	.6234000000000001	.77925	.37118000000000034	.12468	.6234000000000001	2.5502200000000004	.03117
5.74	1109.04994464379	28.92576746031843	50.57831668820395	2.433335974713373	3854.8397016824633	10.76083502079736	0	1171.8048283719306	27.53899889583476	52.97763128354623	2.5733212570835327	4081.0627748596785	12.650674536656668	0	1206.9923088713695	26.817834858245362	54.37669938410904	2.582297274749637	4209.974602535537	9.847874227154849	0	964.7042429375421	24.091005313902524	43.575086811029415	2.1462925785478726	3366.358053120029	11.050530924530422	0	991.0839899900802	25.059496935910595	44.34608449423621	2.415755319365916	3466.5645858336616	14.860058040246045	0	225.72744526690767	6.171450383494817	9.96884376050744	.6217919219271459	786.1558477616314	13.489772636813154	0	1122.763923565283	31.12922021820217	51.870712116747086	2.3241398755135676	3892.77037134976	9.49466363700543	0	29.540401428130643	64.20668410340157	43.86211214969962	2.911492563451838	3223.9023387764196	9.223727820366431	.41799181547592795	1.12212	.6234000000000001	.77925	.37117000000000033	.12468	.6234000000000001	2.5502000000000002	.03117
5.76	1107.6033586585977	29.023222145193454	50.53082664982693	2.4444548174993956	3851.522868800795	10.76083502079736	0	1170.3269949010173	27.621138248651786	52.92940148793222	2.5852591120969213	4077.4101874603834	12.650674536656668	0	1205.5047113885637	26.889410284080192	54.328109538547515	2.594746803243165	4206.136672624093	9.847874227154849	0	963.4832975389955	24.16713380315372	43.53566780317534	2.1561476337497925	3363.3196917278756	11.05082865410593	0	989.8168783224644	25.15697282522213	44.30672288327591	2.4259043106119904	3463.3517789427174	14.860058040246045	0	225.4285336931469	6.215866973493549	9.959684602544014	.6241549640575405	785.435142099162	13.489772636813154	0	1121.2988802804803	31.22832164698723	51.819872896596095	2.335329892134473	3889.7122808134923	9.494738099699335	0	29.510897310242115	64.16312857302859	43.850772233460646	2.9214640790628046	3222.8628930520827	9.223727820366431	.41799181547592795	1.12212	.6234000000000001	.77925	.3711600000000003	.12468	.6234000000000001	2.55018	.03117
5.78	1106.1592008988378	29.11768417321465	50.48336373427523	2.455561584700276	3848.2084522055197	10.76083502079736	0	1168.8513136145066	27.700478486052578	52.88118924379484	2.597181837548361	4073.7609257506824	12.650674536656668	0	1204.0190901643646	26.958263033202915	54.27953296572864	2.6071792282331243	4202.3022316499155	9.847874227154849	0	962.264273694703	24.240719917636888	43.49626070605185	2.165989916212451	3360.284256525792	11.051126399725062	0	988.5515433418586	25.25180659911074	44.267366103181395	2.4360387323775794	3460.142299090365	14.860058040246045	0	225.1298601576357	6.259750122105249	9.950535957727922	.626510147139094	784.7153012819622	13.489772636813154	0	1119.8364197696426	31.32400403536076	51.76909094290747	2.3465094387303664	3886.652408306856	9.494812563561208	0	29.481340131858232	64.11968598585446	43.839397467725135	2.931434283895303	3221.8223204229753	9.223727820366431	.41799181547592795	1.12212	.6234000000000001	.77925	.3711500000000003	.12468	.6234000000000001	2.5501600000000004	.03117
5.8	1104.7175329384345	29.209159764069536	50.43592813753419	2.4666562801990435	3844.8964833276796	10.76083502079736	0	1167.3778415114227	27.77703115821814	52.83299472629792	2.609089461034681	4070.1150351267293	12.650674536656668	0	1202.535499521588	27.024409184316887	54.230969771134305	2.61959459886903	4198.471344220896	9.847874227154849	0	961.0472175491147	24.311773665459263	43.4568656682534	2.1758194615178783	3357.251783591388	11.051424161389118	0	987.2880439105406	25.344000678986156	44.22801436355886	2.446158624975962	3456.9361896238443	14.860058040246045	0	224.8314390080408	6.303092153139661	9.941397568399715	.6288576240717096	783.9963199953316	13.489772636813154	0	1118.3766143057228	31.4162798698467	51.71836604555546	2.357678503929338	3883.5908594936377	9.494887028591078	0	29.451732829658063	64.07634918795515	43.827987916595106	2.9414031592637295	3220.780622721051	9.223727820366431	.41799181547592795	1.12212	.6234000000000001	.77925	.3711400000000003	.12468	.6234000000000001	2.5501400000000003	.03117
5.82	1103.2784395790359	29.297631037477444	50.38852002341421	2.4777389018002025	3841.586999508051	10.76083502079736	0	1165.9066554658655	27.850792068664042	52.78481811110513	2.6209820140564677	4066.472564089313	12.650674536656668	0	1201.0540124025722	27.08785442492646	54.18242011742816	2.631992949180726	4194.644075278053	9.847874227154849	0	959.8321954538359	24.380288278346843	43.41748289807951	2.1856362548479265	3354.2223107835725	11.05172193909939	0	986.0264662806181	25.4335328065538	44.188667851170685	2.4562640373855977	3453.7334953619975	14.860058040246045	0	224.53329035558195	6.3458809320373035	9.932269330182908	.6311975045994342	783.2781993794855	13.489772636813154	0	1116.9195687137217	31.505132105304845	51.667698000543034	2.368837072408767	3880.527742993581	9.49496149478897	0	29.422077446748073	64.03311474925209	43.81654364368884	2.9513706869578025	3219.7378046314	9.223727820366431	.41799181547592795	1.12212	.6234000000000001	.77925	.37113000000000035	.12468	.6234000000000001	2.5501200000000006	.03117
5.84	1101.8420296143709	29.38305517153163	50.34113952276167	2.4888094410215955	3838.2800440986543	10.76083502079736	0	1164.437852902219	27.921740707321785	52.73665957443978	2.632859532153392	4062.833564315966	12.650674536656668	0	1199.5747210216623	27.148593658851812	54.133884226176065	2.644374297593411	4190.820490131611	9.847874227154849	0	958.6192946564875	24.44623961351304	43.37811266551716	2.1954402293358184	3351.1958777796685	11.05201973285718	0	984.7669250050811	25.520355186775507	44.14932672926969	2.466355027539262	3450.5342626152647	14.860058040246045	0	224.23544024908153	6.388099714916313	9.923151296460807	.6335298540442748	782.5609472024562	13.489772636813154	0	1115.4654214633722	31.590513131293918	51.6170866101392	2.37998512475235	3877.463170446773	9.495035962154915	0	29.392375103907316	63.98998306536761	43.805064712119986	2.96133684925564	3218.6938737673045	9.223727820366431	.41799181547592795	1.12212	.6234000000000001	.77925	.37112000000000034	.12468	.6234000000000001	2.5501000000000005	.03117
5.86	1100.4083170013125	29.465487480943846	50.293786869389265	2.4998679133558372	3834.975640997361	10.76083502079736	0	1162.9714493892145	27.989921318185754	52.688519283651814	2.6447220345284608	4059.1980750241946	12.650674536656668	0	1198.0976402587194	27.20666517080267	54.085362107007946	2.656738717134836	4187.000648642119	9.847874227154849	0	957.4085196880433	24.509672091365992	43.33875500958967	2.2052315066729573	3348.172516920043	11.052317542663785	0	983.5094232902482	25.604520141523235	44.1099912400002	2.4764316219059244	3447.3385308465436	14.860058040246045	0	223.93789208554523	6.429750246259021	9.914042978529924	.6358548710544525	781.8445479787044	13.489772636813154	0	1114.0141778325938	31.672495005891747	51.56653166152298	2.3911226574662647	3874.3972392802393	9.49511043068894	0	29.362630119063272	63.94694138062316	43.793551187393746	2.9713016269563304	3217.648827534138	9.223727820366431	.41799181547592795	1.12212	.6234000000000001	.77925	.37111000000000033	.12468	.6234000000000001	2.5500800000000003	.03117
5.88	1098.9773616705359	29.544935462532877	50.246462239185604	2.5109143223816623	3831.6738246888	10.76083502079736	0	1161.507500025358	28.055346736573902	52.640397408393866	2.656569548202268	4055.566141439012	12.650674536656668	0	1196.622822203939	27.262086346411465	54.03685387851	2.6690862521682965	4183.184612112808	9.847874227154849	0	956.1999151910035	24.570596762061076	43.299410085361274	2.2150101117743937	3345.1522640098265	11.052615368520499	0	982.2540185039508	25.686031105815182	44.0706615830389	2.486493863448971	3444.146342479898	14.860058040246045	0	223.64066046684886	6.470825383304928	9.904944174854583	.6381726767084903	781.1289983362391	13.489772636813154	0	1112.5659076488876	31.751091284633883	51.51603295208993	2.4022496592294305	3871.330053028402	9.49518490039107	0	29.33284512087022	63.90398388960079	43.78200313397	2.9812650017122393	3216.602668674962	9.223727820366431	.41799181547592795	1.12212	.6234000000000001	.77925	.3711000000000003	.12468	.6234000000000001	2.5500600000000007	.03117
5.9	1097.549222110648	29.62140787684266	50.1991658044059	2.5219486718309874	3828.374630045796	10.76083502079736	0	1160.0460585861156	28.118030710105824	52.59229411685669	2.668402099885087	4051.937808536453	12.650674536656668	0	1195.150317627874	27.314875259002992	53.98835966014014	2.681416946387229	4179.372440966899	9.847874227154849	0	954.9935245885822	24.62902556982886	43.26007804722127	2.2247760687270994	3342.135154652678	11.05291321042862	0	981.0007664601202	25.7648927377973	44.031337956451296	2.4965417955157214	3440.957739552929	14.860058040246045	0	223.34375978592672	6.511318311214182	9.895854691794884	.6404833853680922	780.4142950816273	13.489772636813154	0	1111.120678728826	31.826316927588067	51.46559028093045	2.4133661188719966	3868.261714428751	9.495259371261334	0	29.303022691140875	63.8611049584854	43.77042061641757	2.991226955244207	3215.555400023235	9.223727820366431	.41799181547592795	1.12212	.6234000000000001	.77925	.37109000000000036	.12468	.6234000000000001	2.5500400000000005	.03117
5.92	1096.123955329886	29.694914738181808	50.15189773380051	2.5329709655852697	3825.078092259294	10.76083502079736	0	1158.5871775072835	28.17798787968035	52.54420957576525	2.680219715974533	4048.3131210102497	12.650674536656668	0	1193.6801759811583	27.36505064327286	53.93987957211913	2.6937308428046896	4175.5641947443855	9.847874227154849	0	953.7893900735414	24.684971335635293	43.22075904888899	2.2345294007674297	3339.1212242262054	11.05321106838945	0	979.7497213864706	25.841110910789702	43.99202055671774	2.5065754618533593	3437.7727636806617	14.860058040246045	0	223.04720420777363	6.551222548149339	9.88677434335642	.6427871046134283	779.7004351711856	13.489772636813154	0	1109.678556843665	31.89818828095977	51.41520344882291	2.4244720253676735	3865.192325370131	9.49533384329976	0	29.273165363932677	63.81829911229401	43.758803699412915	3.001187469341335	3214.5070244892017	9.223727820366431	.41799181547592795	1.12212	.6234000000000001	.77925	.37108000000000035	.12468	.6234000000000001	2.5500200000000004	.03117
5.94	1094.7016168178136	29.765467304663144	50.10465819274346	2.5439812076718757	3821.78424676827	10.76083502079736	0	1157.1309078683585	28.235233760453248	52.496143950374744	2.6920224225532463	4044.692123238503	12.650674536656668	0	1192.2124453942265	27.412631868966006	53.89141373532162	2.706027983742848	4171.759932098812	9.847874227154849	0	952.5875525970237	24.7384477398419	43.181453243418765	2.244270130258591	3336.1105078573883	11.053508942404282	0	978.5009358921831	25.914692705333113	43.952709578759446	2.516594906624868	3434.5914560194324	14.860058040246045	0	222.75100765044624	6.590531950357169	9.877702950939986	.6450839351784212	778.9874156821706	13.489772636813154	0	1108.2396056849582	31.966723058697777	51.36487225822666	2.4355673678260636	3862.1219868410276	9.495408316506373	0	29.243275624634123	63.775561022104874	43.747152447738806	3.011146525860782	3213.4575450462758	9.223727820366431	.41799181547592795	1.12212	.6234000000000001	.77925	.37107000000000034	.12468	.6234000000000001	2.5500000000000007	.03117
5.96	1093.2822605070187	29.83307806824321	50.057447343360984	2.554979402260441	3818.4931291896546	10.76083502079736	0	1155.6772993759078	28.289784722814815	52.44809740446675	2.7038102453865536	4041.074859250362	12.650674536656668	0	1190.747172677039	27.457638914555208	53.84296227116724	2.7183084108224653	4167.959710794058	9.847874227154849	0	951.3880518573864	24.78946930486595	43.14216078320483	2.253998278668101	3333.1030403979994	11.053806832474416	0	977.2544609355881	25.985646401235286	43.91340521596447	2.5266001744249595	3431.413857230777	14.860058040246045	0	222.45518376606486	6.629240717250413	9.868640343091299	.6473739708860319	778.2752337839693	13.489772636813154	0	1106.8038868301685	32.03194032409974	51.31459651327517	2.446652135484995	3859.050798877855	9.495482790881203	0	29.213355909051053	63.73288549228674	43.735466926282996	3.0211041067275475	3212.406964717428	9.223727820366431	.41799181547592795	1.12212	.6234000000000001	.77925	.37106000000000033	.12468	.6234000000000001	2.5499800000000006	.03117
5.98	1091.8659387348112	29.897760744761833	50.010265344660056	2.565965553659238	3815.204775248248	10.76083502079736	0	1154.2264003469384	28.341657973367568	52.400070100345225	2.715583209920148	4037.461372692693	12.650674536656668	0	1189.2844033188014	27.50009234091956	53.794525301511676	2.7305721649523877	4164.163587701119	9.847874227154849	0	950.1909262890343	24.83805137784069	43.1028818199863	2.263713866545261	3330.0988564000263	11.05410473860115	0	976.0103457918499	26.05398146961744	43.874107660213696	2.536591310296012	3428.240007445317	14.860058040246045	0	222.15974592181493	6.667343396489585	9.859586355250716	.6496572985835447	777.5638867092897	13.489772636813154	0	1105.3714597082833	32.09386047141777	51.26437601976904	2.457726317702854	3855.9788605132435	9.495557266424278	0	29.183408602492964	63.690267447727976	43.72374720003688	3.0310601939342656	3211.3552865615684	9.223727820366431	.41799181547592795	1.12212	.6234000000000001	.77925	.3710500000000003	.12468	.6234000000000001	2.5499600000000004	.03117
6	1090.4527022049203	29.959530263981602	49.9631123526569	2.576939666311536	3811.91922070664	10.76083502079736	0	1152.7782576922693	28.39087153590385	52.352062198832634	2.727341341277754	4033.8517067967605	12.650674536656668	0	1187.8241814876883	27.54001326502298	53.746102948537796	2.7428192863190253	4160.371618794885	9.847874227154849	0	948.9962130512544	24.884210113275483	43.06361650485212	2.273416913498612	3327.097990091094	11.054402660785783	0	974.768638020649	26.119708564960682	43.83481710190689	2.546568359743997	3425.069946226649	14.860058040246045	0	221.86470718094876	6.704834889064736	9.850540829502942	.6519339980778536	776.8533717253514	13.489772636813154	0	1103.9423815654256	32.15250520746396	51.2142105851691	2.468789903950913	3852.906269724325	9.495631743135624	0	29.153436038859315	63.64770192106581	43.71199333409421	3.041014769540992	3210.302513659937	9.223727820366431	.41799181547592795	1.12212	.6234000000000001	.77925	.37104000000000037	.12468	.6234000000000001	2.5499400000000003	.03117
6.02	1089.042599949192	30.01840275962746	49.91598852050554	2.5879017447919694	3808.6365012951255	10.76083502079736	0	1151.332916899899	28.437444232383523	52.30407385926598	2.7390846642588045	4030.2459043448957	12.650674536656668	0	1186.3665500305653	27.577423333592705	53.697695334646646	2.7550498143758437	4156.583859150927	9.847874227154849	0	947.8039480170473	24.92796245571603	43.024364988246006	2.283107438173406	3324.1004753498837	11.054700599029612	0	973.5293834338661	26.18283951715246	43.79553372998866	2.5565313687544178	3421.9037125352293	14.860058040246045	0	221.57008028378715	6.741710454377249	9.84150361432675	.6542041420707478	776.1436861050764	13.489772636813154	0	1102.5167074304693	32.20789753321602	51.16410001858948	2.4798428838056683	3849.8331233810204	9.495706221015269	0	29.123440499725827	63.60518403991547	43.700205393649696	3.0509678156749955	3209.2486491024843	9.223727820366431	.41799181547592795	1.12212	.6234000000000001	.77925	.37103000000000036	.12468	.6234000000000001	2.5499200000000006	.03117
6.04	1087.6356792892861	30.07439555942618	49.86889399862634	2.5988517938028974	3805.3566526416266	10.76083502079736	0	1149.8904220183774	28.48139566391157	52.25610523949289	2.7508132033361097	4026.6440076371755	12.650674536656668	0	1184.9115504727104	27.612344696797795	53.64930258234861	2.7672637878328463	4152.800362942275	9.847874227154849	0	946.6141657619626	24.969326122404567	42.98512741997138	2.2927854582290683	3321.1063456815596	11.054998553333936	0	972.2926260632651	26.243387323532964	43.756257731974465	2.5664803838082397	3418.741344692263	14.860058040246045	0	221.27587762872093	6.777965715321616	9.8324745643447	.6564677960941976	775.4348270982794	13.489772636813154	0	1101.09449008065	32.26006172542276	51.114044130790674	2.4908852469411693	3846.7595171943276	9.49578070006324	0	29.093424213430787	63.562709014099426	43.68838344399775	3.060919314530548	3208.19369597426	9.223727820366431	.41799181547592795	1.12212	.6234000000000001	.77925	.37102000000000035	.12468	.6234000000000001	2.5499000000000005	.03117
6.06	1086.2320066683303	30.127513033522472	49.82182890444366	2.609789813118162	3802.0797235653727	10.76083502079736	0	1148.4508288969412	28.522739842937362	52.208156496822944	2.762526990812861	4023.0460637967526	12.650674536656668	0	1183.459231729508	27.644798904163338	53.60092484712446	2.779461257063601	4149.021182610401	9.847874227154849	0	945.4269119202925	25.008312476211753	42.94590393397265	2.3024510193184025	3318.115637259965	11.055296523700052	0	971.0584311474847	26.301351840969165	43.71698930762363	2.5764154078696393	3415.582889403224	14.860058040246045	0	220.98211953011338	6.813592821887867	9.82345352885392	.6587251977254023	774.7268050170443	13.489772636813154	0	1099.6758058593032	32.30900803125156	51.064042732883614	2.501916983950091	3843.685556466582	9.495855180279563	0	29.06338975507521	63.52027728149906	43.67652755062512	3.070869247906715	3207.1376629840865	9.223727820366431	.41799181547592795	1.12212	.6234000000000001	.77925	.3710100000000004	.12468	.6234000000000001	2.549880000000001	.03117
6.08	1084.8316769913295	30.17774022943883	49.77479330885714	2.62071579530887	3798.805782012343	10.76083502079736	0	1147.0142111263185	28.561482321165748	52.16022778845303	2.7742260704870154	4019.452127135664	12.650674536656668	0	1182.0096540212278	27.67480639391435	53.552562332132716	2.791642289675027	4145.246368490902	9.847874227154849	0	944.2422487316522	25.044923313268438	42.906694641498795	2.312104208098099	3315.128390281223	11.055594510129264	0	969.8268954443286	26.356713351661377	43.67772867509812	2.586336380616194	3412.428405793034	14.860058040246045	0	220.68883791884392	6.848578729927603	9.814440346534168	.6609768370882986	774.0196491002769	13.489772636813154	0	1098.260766259115	32.3547257801142	51.014095635743416	2.5129380867084983	3840.6113608940227	9.495929661664269	0	29.033340225775113	63.477896813508345	43.66463777925178	3.0808175969995335	3206.0805669865217	9.223727820366431	.41799181547592795	1.12212	.6234000000000001	.77925	.3710000000000004	.12468	.6234000000000001	2.5498600000000007	.03117
6.1	1083.4346910898907	30.22512586689486	49.72778741475036	2.6316297553962227	3795.5348365460604	10.76083502079736	0	1145.5805822110249	28.59765743492347	52.112319265856485	2.785910449757456	4015.8622277860504	12.650674536656668	0	1180.5628377375133	27.702392792631375	53.50421509458222	2.803806897611662	4141.475973657324	9.847874227154849	0	943.0601824391321	25.07919257643776	42.86749972046433	2.3217449819794127	3312.1446309385797	11.055892512622865	0	968.5980120857729	26.409516489404616	43.63847599088702	2.596243436879841	3409.277912194104	14.860058040246045	0	220.39602774173608	6.882927753940326	9.80543491104746	.6632224044996746	773.313330510696	13.489772636813154	0	1096.849366147753	32.397273092636674	50.964202657568464	2.523948543503837	3837.5370011124965	9.496004144217384	0	29.00327689856924	63.43555282353801	43.65271419527797	3.090764345113503	3205.0223998506262	9.223727820366431	.41799181547592795	1.12212	.6234000000000001	.77925	.3709900000000004	.12468	.6234000000000001	2.5498400000000006	.03117
6.12	1082.04109417668	30.26968848421365	49.680811355446146	2.6425316973188413	3792.2669249592946	10.76083502079736	0	1144.1499835244608	28.63128615572411	52.064431081118265	2.797580153766899	4012.2764070941007	12.650674536656668	0	1179.1188212496315	27.72758173689898	53.45588326441162	2.8159551195477963	4137.710048437965	9.847874227154849	0	941.8807453477812	25.11113915790913	42.82831931443003	2.331373361560812	3309.1643917489378	11.056190531182157	0	967.371823301484	26.45977533720011	43.59923144039377	2.6061366144923657	3406.131446229827	14.860058040246045	0	220.10370186796686	6.916636080147179	9.796437096339119	.6654619801026787	772.6078493315968	13.489772636813154	0	1095.4416552878333	32.436675418204864	50.914363615319516	2.5349483445267973	3834.462570327507	9.496078627938934	0	28.973201877964527	63.3932419867982	43.640756864406555	3.1007094745955763	3203.963165888504	9.223727820366431	.41799181547592795	1.12212	.6234000000000001	.77925	.37098000000000037	.12468	.6234000000000001	2.549820000000001	.03117
6.14	1080.6509300151467	30.311447457312838	49.63386526151741	2.653421625015345	3789.002084881772	10.76083502079736	0	1142.7224552048492	28.662390001466573	52.01656338483501	2.8092352074966986	4008.69470587287	12.650674536656668	0	1177.6776417947578	27.75039721176899	53.4075669718391	2.8280869936309108	4133.948642224587	9.847874227154849	0	940.7039686775014	25.1407824817232	42.78915356601108	2.3409893669710486	3306.1877047992793	11.05648856580844	0	966.148369878511	26.507504795695876	43.55999520801862	2.616015950906102	3402.9890449002028	14.860058040246045	0	219.81187290924325	6.94970020038409	9.787446781003595	.6676956404340376	771.9032057634491	13.489772636813154	0	1094.0376815789016	32.472959058566644	50.864578327541125	2.5459374800452492	3831.3881605612664	9.49615311282895	0	28.943117219354246	63.35096110869645	43.62876585243546	3.110652967848639	3202.902869461615	9.223727820366431	.41799181547592795	1.12212	.6234000000000001	.77925	.37097000000000036	.12468	.6234000000000001	2.5498000000000007	.03117
6.16	1079.2642408984025	30.35042297810216	49.58694926089064	2.6642995424165608	3785.7403537210944	10.76083502079736	0	1141.298036149518	28.69099101218615	51.96871632611189	2.820875635771237	4005.1171643733474	12.650674536656668	0	1176.23933548287	27.770863523551753	53.35926634728061	2.840202557481391	4130.191803468517	9.847874227154849	0	939.5298825620619	25.168142480579043	42.75000261686944	2.3505930178705015	3303.2146017246127	11.056786616503011	0	964.9276911479187	26.552720563460834	43.520767477195754	2.6258814831736204	3399.850744553186	14.860058040246045	0	219.5205532076177	6.982116914021097	9.778463848024936	.6699234585069348	771.1994001058841	13.489772636813154	0	1092.637491044328	32.50615113685261	50.8148466143536	2.5569159403972592	3828.3138626098757	9.496227598887454	0	28.913024928434332	63.308707116313684	43.61674122525645	3.120594807330921	3201.8415149718066	9.223727820366431	.41799181547592795	1.12212	.6234000000000001	.77925	.37096000000000035	.12468	.6234000000000001	2.5497800000000006	.03117
6.18	1077.8810676280993	30.38663603288099	49.54006347894945	2.6751654534377223	3782.4817686036577	10.76083502079736	0	1139.8767640091842	28.71711172580558	51.92089005255951	2.8325014632623136	4001.5438222555267	12.650674536656668	0	1174.8039373036424	27.789005272607337	53.31098152126807	2.8523018481922295	4126.439579676746	9.847874227154849	0	938.3585160481136	25.19323957264129	42.71086660770631	2.360184333452514	3300.24511368592	11.05708468326717	0	963.7098249714231	26.595439117258856	43.48154843043057	2.6357332479274143	3396.7165808560276	14.860058040246045	0	219.22975482330358	7.013883329881646	9.76948818451727	.6721455038938852	770.4964327396814	13.489772636813154	0	1091.2411278182044	32.536279566596704	50.765168297445065	2.567883715984102	3825.2397660005045	9.49630208611448	0	28.882926960619752	63.26647704988022	43.604683048853865	3.1305349755554053	3200.7791068523466	9.223727820366431	.41799181547592795	1.12212	.6234000000000001	.77925	.3709500000000004	.12468	.6234000000000001	2.5497600000000005	.03117
6.2	1076.5014494933075	30.420108380735883	49.49320803863804	2.686019361970678	3779.2263663155713	10.76083502079736	0	1138.458675182237	28.74077515388611	51.87308471029071	2.844112714493534	3997.974718559475	12.650674536656668	0	1173.37148113334	27.804847326136798	53.262712624367616	2.8643849023287418	4122.692017408034	9.847874227154849	0	937.1898970942046	25.216094638347297	42.671745678254524	2.3697633324447365	3297.2792713481012	11.057382766102219	0	962.4948077280234	26.635677692322865	43.44233824933695	2.6455712813595893	3393.586588766625	14.860058040246045	0	218.93948952249085	7.044996868161919	9.760519681465288	.6743618428096128	769.7943041087551	13.489772636813154	0	1089.8486341322384	32.563373020756984	50.71554320006344	2.5788407972632794	3822.165958948569	9.49637657451005	0	28.85282522046086	63.224268054251716	43.59259138930338	3.1404734550892375	3199.71564955895	9.223727820366431	.41799181547592795	1.12212	.6234000000000001	.77925	.3709400000000004	.12468	.6234000000000001	2.549740000000001	.03117
6.22	1075.1254242493953	30.45086253193811	49.44638306056473	2.696861271876093	3775.9741832435802	10.76083502079736	0	1137.043804809022	28.76200475737855	51.82530044391747	2.8557094138446977	3994.4098916764046	12.650674536656668	0	1171.9419997417128	27.8184147909734	53.2144597870978	2.8764517559282674	4118.949162269012	9.847874227154849	0	936.0240525697942	25.236728997214296	42.63263996727097	2.3793300331104645	3294.3171048579234	11.057680865009454	0	961.2826743006372	26.673454262628912	43.40313711467443	2.655395619201546	3390.4608025048647	14.860058040246045	0	218.64976876516153	7.075455262350124	9.75155823346472	.6765725381939268	769.093014702141	13.489772636813154	0	1088.4600503026502	32.587460900736225	50.66597114700848	2.5897871747415295	3819.092528314915	9.496451064074193	0	28.82272156105975	63.182077370385194	43.58046631277073	3.150410228553134	3198.6511475608127	9.223727820366431	.41799181547592795	1.12212	.6234000000000001	.77925	.37093000000000037	.12468	.6234000000000001	2.5497200000000007	.03117
6.24	1073.7530280969065	30.478921726341195	49.3995886631055	2.707691186975657	3772.725255315982	10.76083502079736	0	1135.6321867661247	28.78082442237434	51.77753739654773	2.8672915855561882	3990.8493793197395	12.650674536656668	0	1170.5155247988907	27.829732986373855	53.16622313984786	2.8885024444998844	4115.2110589102795	9.847874227154849	0	934.8610082542679	25.255164384646562	42.593549612528975	2.388884453249982	3291.3586438219645	11.057978979990178	0	960.0734580627337	26.70878752117027	43.36394520638547	2.665206296703672	3387.3392555239684	14.860058040246045	0	218.3606036929051	7.105256561145827	9.742603738462817	.6787776497945983	768.3925650359834	13.489772636813154	0	1087.0754147170676	32.60857330540268	50.61645196462371	2.600722838967845	3816.0195595629934	9.49652555480694	0	28.792617783486598	63.13990232681501	43.56830788551049	3.1603452786207944	3197.585605331641	9.223727820366431	.41799181547592795	1.12212	.6234000000000001	.77925	.37092000000000036	.12468	.6234000000000001	2.5497000000000005	.03117
6.26	1072.3842956604387	30.504309911778456	49.35282496250747	2.718509111044283	3769.479617943548	10.76083502079736	0	1134.2238536606537	28.7972584358566	51.72979570978229	2.878859253733361	3987.2932184961883	12.650674536656668	0	1169.0920868822761	27.83882741680956	53.11800281279586	2.9005370030241133	4111.477751022511	9.847874227154849	0	933.7007888359528	25.27142292874257	42.55447475081079	2.398426610201898	3288.4039172845623	11.05827711104569	0	958.8671908649682	26.741696860231478	43.32476270363273	2.675003348615023	3384.22198048184	14.860058040246045	0	218.07200511673423	7.134399130379247	9.733656097498825	.6809772342502363	767.6929556355215	13.489772636813154	0	1085.6947638214228	32.62674100011072	50.566985480788546	2.611647780526485	3812.947136716044	9.496600046708313	0	28.76251563619604	63.09774033112885	43.55611617386482	3.170278588018307	3196.519027340682	9.223727820366431	.41799181547592795	1.12212	.6234000000000001	.77925	.37091000000000035	.12468	.6234000000000001	2.549680000000001	.03117
6.28	1071.0192599675233	30.527051722460556	49.3060920729924	2.729315047802319	3766.237305960442	10.76083502079736	0	1132.8188368245253	28.81133146145121	51.682075523711596	2.890412442350933	3983.741445476811	12.650674536656668	0	1167.6717154834396	27.845723744757834	53.06979893582701	2.912555465952629	4107.749281332553	9.847874227154849	0	932.5434179111313	25.28552712710214	42.51541551789992	2.4079565208444897	3285.452953705759	11.05857525817729	0	957.6639030218148	26.77220235166247	43.285589784836205	2.684786809163015	3381.10900921241	14.860058040246045	0	217.78398350490022	7.16288165493058	9.72471521444447	.6831713451731649	766.9941870170763	13.489772636813154	0	1084.318132106847	32.64199538572155	50.51757152491021	2.6225619900299892	3809.875342314271	9.496674539778343	0	28.732416814443503	63.05558886144371	43.54389124426219	3.1802101395235614	3195.451418043754	9.223727820366431	.41799181547592795	1.12212	.6234000000000001	.77925	.3709000000000004	.12468	.6234000000000001	2.5496600000000007	.03117
6.3	1069.657967366098	30.547167610038404	49.259390078452775	2.740109003357568	3762.998368417562	10.76083502079736	0	1131.4171743889992	28.823068335749326	51.634376983191984	2.901951175089338	3980.1941026131894	12.650674536656668	0	1166.2544424655212	27.8504508973354	53.02161165800501	2.9245578792656715	4104.02569228673	9.847874227154849	0	931.388924741007	25.297499406476003	42.476372031881894	2.417474226709979	3282.505785876475	11.058873421386279	0	956.4636377642306	26.800319971652453	43.24642661672682	2.6945567059274964	3378.0003822014473	14.860058040246045	0	217.49655490282527	7.19070044975043	9.715781007210179	.6853601270643164	766.2962682209983	13.489772636813154	0	1082.9455686346987	32.65436504243657	50.46820992380876	2.633465462381421	3806.8042705965395	9.496749034017059	0	28.702323763988332	63.01344883690836	43.531633163189895	3.1901399158218866	3194.3827861056143	9.223727820366431	.41799181547592795	1.12212	.6234000000000001	.77925	.3708900000000004	.12468	.6234000000000001	2.549640000000001	.03117
6.32	1068.3004919388732	30.5646691379173	49.212719005104546	2.7508909885648136	3759.7628828756706	10.76083502079736	0	1130.0189190870842	28.832493870672838	51.5867002439102	2.9134754751767398	3976.6512449230645	12.650674536656668	0	1164.8403054044222	27.85304406738864	52.973441166384944	2.9365443121233734	4100.307026710999	9.847874227154849	0	930.2373507810706	25.307361696464636	42.437344377007136	2.4269798182530455	3279.5624556674034	11.059171600673956	0	955.266465205124	26.826056985662177	43.20727334376976	2.7043130539204534	3374.896157742276	14.860058040246045	0	217.20974665324988	7.217846861505843	9.706853418565132	.6875439060679981	765.5992250566303	13.489772636813154	0	1081.5771530046093	32.66387238898604	50.418900497740324	2.644358200892824	3803.734040236683	9.496823529424484	0	28.67224045770963	62.9713278744051	43.51934199716742	3.200067899366537	3193.313148479815	9.223727820366431	.41799181547592795	1.12212	.6234000000000001	.77925	.3708800000000004	.12468	.6234000000000001	2.549620000000001	.03117
6.34	1066.9468273081923	30.57959406038606	49.166079027296036	2.7616610012782576	3756.5308477963185	10.76083502079736	0	1128.6240797367407	28.839634128511044	51.53904542691062	2.924985366610193	3973.11289049437	12.650674536656668	0	1163.4293226097382	27.853521993369068	52.925287544342154	2.948514769552693	4096.593322830869	9.847874227154849	0	929.088700744152	25.315138427065254	42.398332724552006	2.436473253003258	3276.622978255295	11.059469796041624	0	954.0723775739427	26.849446364434016	43.16813016773774	2.714055899777916	3371.796343082962	14.860058040246045	0	216.92355442814426	7.2443267559542575	9.697932332851556	.6897225105942612	764.9030381647041	13.489772636813154	0	1080.2128755847384	32.67055845426624	50.369643090129266	2.65524018636373	3800.6646985387615	9.496898026000649	0	28.642166570986294	62.929215811671334	43.50701781293537	3.2099940734191614	3192.242499759611	9.223727820366431	.41799181547592795	1.12212	.6234000000000001	.77925	.3708700000000004	.12468	.6234000000000001	2.5496000000000008	.03117
6.36	1065.597004015471	30.5919682064179	49.119470244360734	2.7724190455965774	3753.302299206079	10.76083502079736	0	1127.2326847368606	28.844514987565443	51.49141266794007	2.9364808728394802	3969.5790742510844	12.650674536656668	0	1162.0215202487561	27.851911560599063	52.877150925156464	2.9604692872071134	4092.8846196681243	9.847874227154849	0	927.9429957093181	25.32085322708957	42.35933720163325	2.445954552925857	3273.687380901951	11.05976800749058	0	952.881402890025	26.870509391384786	43.12899726142835	2.7237852737564103	3368.7009690920704	14.860058040246045	0	216.63798883628826	7.270139372425087	9.689017665833	.6918960088158662	764.2077102002571	13.489772636813154	0	1078.8527674697762	32.67445592824115	50.32043753528339	2.6661114106254877	3797.5963253240348	9.49697252374558	0	28.61210380190229	62.88711125412213	43.494660677247815	3.2199184209193565	3191.1708454225195	9.223727820366431	.41799181547592795	1.12212	.6234000000000001	.77925	.3708600000000004	.12468	.6234000000000001	2.5495800000000006	.03117
6.38	1064.2510512638717	30.601817865101957	49.07289275343135	2.783165125584665	3750.0772726218374	10.76083502079736	0	1125.8447613796775	28.84716257715848	51.443802101372526	2.9479620172015886	3966.049830403872	12.650674536656668	0	1160.6169235215757	27.84823975281213	52.82903144188292	2.972407900503955	4089.180955277995	9.847874227154849	0	926.8002558235244	25.324529968710035	42.32035793392382	2.455423740145074	3270.755690295053	11.060066235022129	0	951.6935679225911	26.88926781485827	43.08987479681479	2.73350120534031	3365.610065902782	14.860058040246045	0	216.35306022749003	7.2952842132506985	9.680109335087584	.6940644685826712	763.5132439279407	13.489772636813154	0	1077.4968581375333	32.67559789792874	50.27128366889822	2.6769718656069457	3794.5289990392343	9.497047022659304	0	28.58205381204447	62.84501291751202	43.48227065693825	3.2298409248520574	3190.0981909910047	9.223727820366431	.41799181547592795	1.12212	.6234000000000001	.77925	.3708500000000004	.12468	.6234000000000001	2.549560000000001	.03117
6.4	1062.9089969110355	30.609169759545786	49.026346649516995	2.7938992452681046	3746.855803005482	10.76083502079736	0	1124.460335852541	28.84760325321822	51.39621386021182	2.959428822924945	3962.525192427497	12.650674536656668	0	1159.2155566712029	27.842533627850234	52.78092922728811	2.9843306446352695	4085.4823667458954	9.847874227154849	0	925.6605003068948	25.32619274388012	42.281395045629765	2.4648808369687583	3267.827932530685	11.06036447863757	0	950.5088981907928	26.90574382398936	43.05076294507295	2.743203723215863	3362.5236628930484	14.860058040246045	0	216.0687786859025	7.319761043190383	9.671207259759127	.6962279575915216	762.8196422119354	13.489772636813154	0	1076.1451754511727	32.67401781324535	50.22218132804519	2.687821543331425	3791.4627967260085	9.49712152274185	0	28.552018226664742	62.80291962254445	43.469847818918346	3.239761568246816	3189.024542027432	9.223727820366431	.41799181547592795	1.12212	.6234000000000001	.77925	.3708400000000004	.12468	.6234000000000001	2.549540000000001	.03117
6.42	1061.5708674618143	30.614051020777797	48.97983202558034	2.804621408627648	3743.6379247185987	10.76083502079736	0	1123.0794332396952	28.845863573863017	51.348648076094314	2.970881313133648	3959.005193038246	12.650674536656668	0	1157.8174429936453	27.83482029336114	52.73284441378659	2.996237554578726	4081.7888901841657	9.847874227154849	0	924.523747458005	25.325865840754645	42.24244865946719	2.4743258659130047	3264.9041330958617	11.060662738338205	0	949.3274179637621	26.919960024568248	43.01166187660844	2.7528928552452134	3359.441788665755	14.860058040246045	0	215.7851540233399	7.3435698888543	9.662311360308248	.6983865435561399	762.1269080058677	13.489772636813154	0	1074.7977456614424	32.669749452850134	50.17313035115981	2.698660435913692	3788.397793990363	9.497196023993244	0	28.5219986348423	62.76083028948126	43.45739223017668	3.2496803341770755	3187.949904129023	9.223727820366431	.41799181547592795	1.12212	.6234000000000001	.77925	.3708300000000004	.12468	.6234000000000001	2.5495200000000007	.03117
6.44	1060.2366880610005	30.61648916164972	48.9333489726148	2.8153316195936924	3740.4236714771623	10.76083502079736	0	1121.702077524054	28.841970274986185	51.30110487929154	2.9823195108517027	3955.4898641713403	12.650674536656668	0	1156.4226048480045	27.825126882495777	52.68477713337714	3.008128665108505	4078.100560728807	9.847874227154849	0	923.3900146591625	25.323573720110108	42.20351889663919	2.4837588497267866	3261.9843168510515	11.060961014125335	0	948.1491502606589	26.93193941490456	42.972571761083685	2.7625686284404303	3356.3644710288777	14.860058040246045	0	215.50219577259446	7.366711038127455	9.653421558263476	.700540294377016	761.4350443427261	13.489772636813154	0	1073.4545934089053	32.66282688998947	50.12413057802993	2.7094885355569334	3785.3340649721035	9.497270526413514	0	28.491996589645783	62.71874393275213	43.444903957777434	3.259597205759448	3186.874282922808	9.223727820366431	.41799181547592795	1.12212	.6234000000000001	.77925	.37082000000000037	.12468	.6234000000000001	2.549500000000001	.03117
6.46	1058.9064824860604	30.61651205073908	48.88689757972169	2.8260298820407517	3737.2130763062305	10.76083502079736	0	1120.3282915889788	28.835950245840667	51.25358439871295	2.9937434390072513	3951.979236958357	12.650674536656668	0	1155.031063666571	27.81348052960555	52.63672751757921	3.0200040108061845	4074.4174125362256	9.847874227154849	0	922.2593183816891	25.319340991764967	42.16460587681278	2.493179811416576	3259.0685080127023	11.061259306000261	0	946.9741168507211	26.94170536169153	42.93349276744491	2.7722310689375305	3353.2917369756437	14.860058040246045	0	215.2199131807528	7.389185039593644	9.644537775972374	.7026892783112958	760.7440543247778	13.489772636813154	0	1072.1157417261743	32.65328445834131	50.07518184978388	2.7203058345497264	3782.2716823142828	9.49734503000269	0	28.46201360829549	62.67665965556405	43.43238306885914	3.2695121661529876	3185.7976840605843	9.223727820366431	.41799181547592795	1.12212	.6234000000000001	.77925	.3708100000000004	.12468	.6234000000000001	2.549480000000001	.03117
6.48	1057.5802731398646	30.614147886251622	48.84047793418738	2.836716199781941	3734.0061714946355	10.76083502079736	0	1118.9580972200547	28.827830504623712	51.20608676190852	3.0051531204368076	3948.4733417046436	12.650674536656668	0	1153.642839964918	27.799908345939706	52.58869569736922	3.031863626071633	4070.7394787799653	9.847874227154849	0	921.1316741912027	25.313192390999987	42.12570971809585	2.5025887742709814	3256.156730135764	11.061557613964284	0	945.802338253312	26.949281575870174	42.89442506394924	2.781880201970504	3350.223612664691	14.860058040246045	0	214.9383152025125	7.410992701959421	9.635659936352637	.7048335641426723	760.0539411134846	13.489772636813154	0	1070.7812120401418	32.64115671785968	50.02628400887872	2.731112325263017	3779.2107171326393	9.497419534760795	0	28.432051172325565	62.634576644510766	43.41982963063339	3.2794251985584704	3184.7201132138666	9.223727820366431	.41799181547592795	1.12212	.6234000000000001	.77925	.3708000000000004	.12468	.6234000000000001	2.5494600000000007	.03117
6.5	1056.2580810434197	30.60942516992381	48.794090121560515	2.847390576563443	3730.802988549679	10.76083502079736	0	1117.591515106867	28.817638174061535	51.1586120950715	3.01654857788949	3944.972207866738	12.650674536656668	0	1152.2579533519956	27.78443739534267	52.54068180311695	3.0437075451338975	4067.066791647452	9.847874227154849	0	920.0070967528982	25.305152754978536	42.086830537014066	2.5119857618853665	3253.249006096218	11.061855938018708	0	944.6338337379697	26.954692088493434	42.85536881819174	2.791516051845339	3347.160123400227	14.860058040246045	0	214.6574104934989	7.43213509347805	9.626787962643217	.7069732213512744	759.3647079194192	13.489772636813154	0	1069.4510241742134	32.626478420619	49.97743689908838	2.7419080001470872	3776.1512389850427	9.497494040687858	0	28.402110727746198	62.59249416418226	43.407243710383575	3.2893362862176683	3183.6415760688437	9.223727820366431	.41799181547592795	1.12212	.6234000000000001	.77925	.3707900000000004	.12468	.6234000000000001	2.549440000000001	.03117
6.52	1054.9399258285998	30.602372680925257	48.74773422572911	2.858053016058993	3727.6035581518204	10.76083502079736	0	1116.228564844779	28.805400456994	51.111160523041036	3.0279298340312537	3941.475864029783	12.650674536656668	0	1150.876422540224	27.767094669951387	52.49268596452186	3.055535802062095	4063.39938233673	9.847874227154849	0	918.8855998368297	25.295246999166903	42.04796844848785	2.521370798186487	3250.3453580735973	11.062154278164833	0	943.468621324455	26.957961226590342	42.81632419713246	2.8011386419140463	3344.1012936121892	14.860058040246045	0	214.3772074035813	7.452613541373474	9.617921778155422	.709108320283557	758.6763579921819	13.489772636813154	0	1068.1251963505385	32.60928447665856	49.928640365491944	2.7526928517285336	3773.0933158409366	9.49756854778391	0	28.372193685205815	62.55041155177421	43.394625375463626	3.299245412412624	3182.5620783213326	9.223727820366431	.41799181547592795	1.12212	.6234000000000001	.77925	.3707800000000004	.12468	.6234000000000001	2.549420000000001	.03117
6.54	1053.6258455692632	30.593021175991684	48.70141029291762	2.868703530065768	3724.4079363462693	10.76083502079736	0	1114.869275473211	28.79115040309681	51.0637321770166	3.0392969059096995	3937.984353653533	12.650674536656668	0	1149.4982688427533	27.74791618044491	52.444708342883935	3.0673484264622988	4059.737288522076	9.847874227154849	0	917.7672040740957	25.28350578936053	42.00912359319767	2.5307438836995364	3247.445820178735	11.06245263440396	0	942.3067334742495	26.959115361172586	42.77729132474613	2.8107480420259865	3341.0471620028934	14.860058040246045	0	214.09771951379525	7.47242617159083	9.609061465767965	.7112388049828838	757.9888975841703	13.489772636813154	0	1066.8037644952797	32.5896163218346	49.87989425190858	2.7634668773180144	3770.0370396263806	9.497643056048975	0	28.34230182643278	62.508330115048956	43.38197469284521	3.3091525611333936	3181.4816279816337	9.223727820366431	.41799181547592795	1.12212	.6234000000000001	.77925	.3707700000000004	.12468	.6234000000000001	2.5494000000000008	.03117
6.56	1052.315925640365	30.58140587512613	48.655118279264656	2.8793421504325587	3721.2162426743803	10.76083502079736	0	1113.513700808845	28.774935311018815	51.01632720578173	3.050649796898011	3934.497757994284	12.650674536656668	0	1148.123521257651	27.726960194119638	52.396749178089195	3.079145437211219	4056.0805652185327	9.847874227154849	0	916.6519482402846	25.269973805651084	41.97029617741327	2.5401049610036646	3244.550456836065	11.062751006737395	0	941.1482399228742	26.958185461702765	42.73827022038696	2.820344437585031	3337.997803595608	14.860058040246045	0	213.8189736960338	7.4915628741281965	9.600207500117829	.7133643080708845	757.3023402676837	13.489772636813154	0	1065.4868103282508	32.56753119908072	49.831198397170695	2.774230085861767	3766.9825634079643	9.49771756548308	0	28.31243789556571	62.46625589646855	43.369291728459565	3.3190577180499794	3180.4002387305727	9.223727820366431	.41799181547592795	1.12212	.6234000000000001	.77925	.37076000000000037	.12468	.6234000000000001	2.5493800000000006	.03117
6.58	1051.0101231329961	30.567551157666305	48.60885837022412	2.889968856468398	3718.0284279212733	10.76083502079736	0	1112.1618261950991	28.75676545006688	50.96894570745514	3.0619885457253426	3931.0160565239403	12.650674536656668	0	1146.7521856151832	27.704226543127874	52.34880850237298	3.0909268806477614	4052.4292186760827	9.847874227154849	0	915.5398206621361	25.254659310440214	41.93148623057216	2.5494541250207345	3241.6592508508415	11.063049395166438	0	939.9931088042971	26.955191387784645	42.699261173872145	2.829927709330364	3334.9531954851686	14.860058040246045	0	213.5409610432214	7.510035921964043	9.591359333553287	.7154852779215048	756.616680605033	13.489772636813154	0	1064.1742905255119	32.54304546390524	49.78255265770891	2.784982456246311	3763.929875007902	9.497792076086256	0	28.282602003578255	62.42418282237652	43.356576551192	3.3289608645954556	3179.317909470893	9.223727820366431	.41799181547592795	1.12212	.6234000000000001	.77925	.3707500000000004	.12468	.6234000000000001	2.549360000000001	.03117
6.6	1049.7084554785572	30.55148694988989	48.562630637577506	2.900583652919458	3714.8445235416007	10.76083502079736	0	1110.813668689275	28.736669100285976	50.92158780281934	3.0733131738099275	3927.5392768415886	12.650674536656668	0	1145.3842777452926	27.679743265052036	52.30088644770562	3.102692789564614	4048.783277393508	9.847874227154849	0	914.4308329215743	25.237588281001802	41.8926938656767	2.5587913971432243	3238.7722236275818	11.06334779969239	0	938.8413558516697	26.950158715279233	42.66026434256795	2.8394978847440173	3331.913361027306	14.860058040246045	0	213.26368957349155	7.527847074496369	9.582516914795361	.7176017680368753	755.9319224150729	13.489772636813154	0	1062.8662202627272	32.51619542313371	49.73395688326346	2.795723982087405	3760.8790401566903	9.497866587858526	0	28.252795491512526	62.382110795449215	43.34382922858776	3.3388619843212473	3178.2346462856976	9.223727820366431	.41799181547592795	1.12212	.6234000000000001	.77925	.3707400000000004	.12468	.6234000000000001	2.549340000000001	.03117
6.62	1048.4109387932508	30.53324333461572	48.516435151631	2.9111865444774305	3711.6645600824813	10.76083502079736	0	1109.4692443219044	28.714674531949537	50.874253611359	3.084623702477213	3924.06744564966	12.650674536656668	0	1144.0198126512462	27.65353825491925	52.252983145248635	3.1144431966250052	4045.142768905421	9.847874227154849	0	913.3249957748754	25.218786686674644	41.853919194160866	2.568116799086081	3235.889395857274	11.063646220316556	0	937.6929956358347	26.943113205195324	42.62127988310531	2.8490549904880864	3328.878322688582	14.860058040246045	0	212.9871669966201	7.544998327982203	9.573680192280966	.7197138329270545	755.2480695217978	13.489772636813154	0	1061.562613232766	32.48701740636569	49.6854109248065	2.806454657088174	3757.830122985782	9.497941100799922	0	28.223019668118233	62.34003977459625	43.33104982825372	3.348761060819149	3177.1504552553306	9.223727820366431	.41799181547592795	1.12212	.6234000000000001	.77925	.3707300000000004	.12468	.6234000000000001	2.5493200000000007	.03117
6.64	1047.1175878652125	30.512850524618887	48.47027198130283	2.9217775357716853	3708.488567130792	10.76083502079736	0	1108.1285680955527	28.690809979509268	50.82694325126152	3.0959201529656504	3920.6005887269	12.650674536656668	0	1142.6588045187464	27.625639238325626	52.20509872528201	3.1261781343748085	4041.5077197768937	9.847874227154849	0	912.2223191557621	25.198280463674884	41.81516232585954	2.577430352918053	3233.01078749633	11.063944657040237	0	936.5480415609447	26.934080779053396	42.582307951418855	2.8585990523653493	3325.8481020222703	14.860058040246045	0	212.7114007057768	7.561491915938232	9.564849113868936	.7218215283158673	754.5651257434188	13.489772636813154	0	1060.2634816424859	32.45554773001188	49.636914634531024	2.817174475034749	3754.783185989811	9.498015614910468	0	28.19327580990021	62.297969769032605	43.31823841785725	3.3586580777204103	3176.065342451677	9.223727820366431	.41799181547592795	1.12212	.6234000000000001	.77925	.3707200000000004	.12468	.6234000000000001	2.549300000000001	.03117
6.66	1045.828416141641	30.4903388360459	48.42414119421063	2.932356631361436	3705.316573260448	10.76083502079736	0	1106.7916539836197	28.665103615544954	50.77965683941747	3.1072025464324966	3917.13873090133	12.650674536656668	0	1141.301266725038	27.596073744560535	52.15723331713137	3.137897635254654	4037.8781555980913	9.847874227154849	0	911.1228121784959	25.176095489908445	41.77642336897764	2.586732081093026	3230.1364177455434	11.064243109864737	0	935.4065058600813	26.923087494249483	42.54334870278591	2.8681300952798923	3322.8227196442326	14.860058040246045	0	212.43639776927714	7.577330309541444	9.556023626546036	.7239249113467425	753.8830948814399	13.489772636813154	0	1058.9688362095158	32.421822661331205	49.588467865839796	2.827883429791915	3751.7382899888153	9.498090130190194	0	28.16356516116589	62.25590083235079	43.3053950651251	3.368553018694825	3174.97931393247	9.223727820366431	.41799181547592795	1.12212	.6234000000000001	.77925	.3707100000000004	.12468	.6234000000000001	2.549280000000001	.03117
6.68	1044.5434357159295	30.465738661829832	48.378042856758775	2.9429238357278953	3702.148605979692	10.76083502079736	0	1105.4585149291418	28.637583524714287	50.732394491421154	3.1184709039596075	3913.6818960232176	12.650674536656668	0	1139.9472118480205	27.564869079730894	52.10938704909528	3.149601731612032	4034.254100978901	9.847874227154849	0	910.026483140972	25.152257559783447	41.73770243005938	2.5960220064813577	3227.2663050290416	11.064541578791358	0	934.2683995908739	26.91015951941906	42.50440229186554	2.877648143197729	3319.802195208799	14.860058040246045	0	212.16216492233366	7.592516218029755	9.547203676132973	.7260240407885509	753.2019807097354	13.489772636813154	0	1057.6786861590383	32.3858783824679	49.54007047333429	2.8385815152987486	3748.695494090459	9.498164646639125	0	28.13388893407282	62.21383305659297	43.29251983784217	3.3784458674498166	3173.8923757355888	9.223727820366431	.41799181547592795	1.12212	.6234000000000001	.77925	.3707000000000004	.12468	.6234000000000001	2.5492600000000007	.03117
6.7	1043.2626573147975	30.439080445105432	48.33197703422577	2.9534791532664406	3698.98469167838	10.76083502079736	0	1104.1291628435954	28.60827767770267	50.68515632157105	3.129725246559239	3910.2301069380387	12.650674536656668	0	1138.596651675356	27.532052299885443	52.06156004837242	3.1612904557134054	4030.6355795435607	9.847874227154849	0	908.9333395278117	25.126792359022645	41.698999613957426	2.6053001524012154	3224.4004669732426	11.064840063821405	0	933.1337326311184	26.895323109800927	42.465468872737496	2.8871532191074234	3316.7865473846423	14.860058040246045	0	211.88870855880756	7.607052589102652	9.538389206990418	.7281189772414438	752.5217869636263	13.489772636813154	0	1056.3930392205718	32.34775095448866	49.49172231280354	2.8492687255642686	3745.654855652256	9.49823916425729	0	28.104248308676162	62.1717665663231	43.27961280385047	3.388336607729526	3172.8045338733627	9.223727820366431	.41799181547592795	1.12212	.6234000000000001	.77925	.3706900000000004	.12468	.6234000000000001	2.5492400000000006	.03117
6.72	1041.9860902854211	30.410394652624298	48.28594379085158	2.9640225882787714	3695.8248555752666	10.76083502079736	0	1102.803608605698	28.577213905173046	50.63794244287036	3.1409655951798374	3906.7833854594455	12.650674536656668	0	1137.2495972135791	27.497650184139008	52.0137524409888	3.1729638397563127	4027.0226139252923	9.847874227154849	0	907.8433880134564	25.09972543947585	41.66031502380214	2.6145665426499063	3221.5389203858094	11.06513856495618	0	932.0025136743967	26.87860458260107	42.42654859894131	2.8966453449807124	3313.7757938306595	14.860058040246045	0	211.61603472296056	7.620942609321824	9.529580161725022	.7302097833426905	751.842517328957	13.489772636813154	0	1055.1119016247549	32.307476281419696	49.44342324121317	2.8599450546630734	3742.6164302437946	9.498313683044717	0	28.074644432976182	62.12970151269909	43.26667403104789	3.3982252233139	3171.715794326874	9.223727820366431	.41799181547592795	1.12212	.6234000000000001	.77925	.3706800000000004	.12468	.6234000000000001	2.549220000000001	.03117
6.74	1040.713742582564	30.37971174816999	48.23994318992497	2.974554144965073	3692.669121665292	10.76083502079736	0	1101.481862060211	28.544419871715693	50.590752967027505	3.1521919707118435	3903.3417523422318	12.650674536656668	0	1135.9060586972062	27.4616892077968	51.965964351725056	3.1846219158814812	4023.4152257609308	9.847874227154849	0	906.7566344652614	25.071082193932362	41.62164876097076	2.623821201535218	3218.6816812346055	11.065437082196986	0	930.8747502256949	26.86003029235658	42.38764162351526	2.9061245417331274	3310.769951171846	14.860058040246045	0	211.34414910120606	7.6341897045118	9.520776480895428	.7322965239725167	751.1641754311726	13.489772636813154	0	1053.835278100127	32.265090074283854	49.3951731166942	2.8706104967309876	3739.580271608956	9.498388203001435	0	28.04507842296575	62.087638067544916	43.25370358738709	3.4081116980177777	3170.626163040259	9.223727820366431	.41799181547592795	1.12212	.6234000000000001	.77925	.3706700000000004	.12468	.6234000000000001	2.549200000000001	.03117
6.76	1039.4456207557091	30.34706216597318	48.193975293870906	2.9850738274161754	3689.5175126668664	10.76083502079736	0	1100.1639320167415	28.50992304979806	50.543588004456616	3.163404393993484	3899.9052272552985	12.650674536656668	0	1134.5660455978457	27.42419551547866	51.9181959040436	3.1962647161849294	4019.813435685554	9.847874227154849	0	905.6730839465888	25.0408878309334	41.58300092505662	2.6330641539067487	3215.828764626651	11.065735615545126	0	929.7504485970227	26.839626606299497	42.3487480990354	2.915590829184615	3307.769034975178	14.860058040246045	0	211.07305701386107	7.646797540160581	9.511978102718285	.7343792664599419	750.4867648243949	13.489772636813154	0	1052.5631718699126	32.220627815137746	49.34697179853208	2.8812650459607037	3736.5464316281427	9.498462724127467	0	28.01555136267787	62.04557641742279	43.240701540874355	3.417996015689977	3169.535645915013	9.223727820366431	.41799181547592795	1.12212	.6234000000000001	.77925	.3706600000000004	.12468	.6234000000000001	2.5491800000000007	.03117
6.78	1038.181729936189	30.312476284126802	48.14804016433785	2.995581639605715	3686.370049969157	10.76083502079736	0	1098.849826248545	28.47375069371457	50.49644766427804	3.1746028858165714	3896.4738287546184	12.650674536656668	0	1133.229566633307	27.385194894243384	51.87044722001589	3.20789227273008	4016.2172633271143	9.847874227154849	0	904.5927407199014	25.009167349584512	41.54437161383834	2.6422954251872475	3212.980184787075	11.066034165001907	0	928.6296139030318	26.817419879720706	42.30986817765456	2.9250442260201623	3304.7730597254845	14.860058040246045	0	210.80276340689758	7.658770021820282	9.503184962774274	.7364580807886187	749.8102889804998	13.489772636813154	0	1051.2955846488042	32.1741247211088	49.29881914715552	2.891908696597427	3733.514960280498	9.498537246422844	0	27.98606430423313	62.003516757705235	43.227667959568436	3.427878160212385	3168.444248804289	9.223727820366431	.41799181547592795	1.12212	.6234000000000001	.77925	.37065000000000037	.12468	.6234000000000001	2.549160000000001	.03117
6.8	1036.9220738243175	30.275984398001164	48.10213786228517	3.0060775853822945	3683.226753579376	10.76083502079736	0	1097.5395514913273	28.43592981353644	50.449332054318845	3.185787466932297	3893.0475742562053	12.650674536656668	0	1131.8966297767106	27.34471274671295	51.82271842024966	3.219504617559864	4012.6267273010685	9.847874227154849	0	903.5156082498561	24.97594551436803	41.505760923249035	2.6515150414039437	3210.1359550380735	11.066332730568629	0	927.5122500566355	26.793436431333834	42.27100201114137	2.934484749750414	3301.7820388013315	14.860058040246045	0	210.53327284369428	7.670111295507758	9.494396993714112	.7385330398026696	749.1347512781938	13.489772636813154	0	1050.0325166397433	32.125615708432406	49.25071502412546	2.902541442934518	3730.485905606131	9.498611769887592	0	27.95661826788724	61.96145928664732	43.214602911579405	3.4377581154990406	3167.351977507203	9.223727820366431	.41799181547592795	1.12212	.6234000000000001	.77925	.3706400000000004	.12468	.6234000000000001	2.549140000000001	.03117
6.82	1035.6666546765205	30.237616693659117	48.05626844807046	3.0165616684616468	3680.087642070061	10.76083502079736	0	1096.2331134420467	28.396487149061485	50.402241281113334	3.1969581580570354	3889.626480009076	12.650674536656668	0	1130.5672422655966	27.302774064196832	51.77500962381612	3.2311017827088295	4009.0418452050076	9.847874227154849	0	902.4416892063977	24.941246829955478	41.467168947345534	2.6607230292198865	3207.2960877778632	11.066631312246598	0	926.3983597646268	26.767702518639094	42.23214975091929	2.9439124166723003	3298.795984450895	14.860058040246045	0	210.26458949678803	7.68082574810525	9.485614124964576	.7406042194125254	748.4601549920907	13.489772636813154	0	1048.7739665307051	32.07513535648901	49.20265929212399	2.9131632793091367	3727.459313668338	9.49868629452174	0	27.927214242078524	61.91940419945871	43.20150646506752	3.4476358654952284	3166.258837763136	9.223727820366431	.41799181547592795	1.12212	.6234000000000001	.77925	.3706300000000004	.12468	.6234000000000001	2.5491200000000007	.03117
6.84	1034.4154732924667	30.19740322127118	48.010431981536904	3.027033892418791	3676.9527325263684	10.76083502079736	0	1094.9305167577165	28.355449143763956	50.35517544990354	3.2081149798781303	3886.2105610682192	12.650674536656668	0	1129.2414106110355	27.259403399816257	51.72732094817722	3.24268380021525	4005.462633613288	9.847874227154849	0	901.3709854678518	24.905095516020012	41.428595778277554	2.6699194159652775	3204.460594459637	11.066929910037118	0	925.287944523298	26.74024431328721	42.1933115481056	2.9533272418296534	3295.814907767842	14.860058040246045	0	209.9967171396255	7.690918007761012	9.476836282434514	.7426716988007634	747.7865032817886	13.489772636813154	0	1047.51993149148	32.022717871841195	49.15465181494325	2.9237742000978844	3724.4352285158275	9.498760820325312	0	27.89785318347541	61.87735168237588	43.18837868824206	3.457511394176558	3165.1648352460343	9.223727820366431	.41799181547592795	1.12212	.6234000000000001	.77925	.3706200000000004	.12468	.6234000000000001	2.549100000000001	.03117
6.86	1033.168529002199	30.155373868530678	47.96462852210063	3.0374942606801985	3673.8220404933536	10.76083502079736	0	1093.6317650542067	28.31284191874433	50.30813466463971	3.2192579530597025	3882.799831267558	12.650674536656668	0	1127.9191406067364	27.214624841628485	51.67965250911284	3.254250702133234	4001.8891080716617	9.847874227154849	0	900.3034981240191	24.867515482048834	41.390041506256935	2.6791042296688086	3201.629485570518	11.067228523941493	0	924.1810046140592	26.71108787644326	42.1544875535504	2.962729238973834	3292.838818667206	14.860058040246045	0	209.7296591383147	7.700392944289952	9.468063388220862	.7447355606279458	747.1137991809464	13.489772636813154	0	1046.2704071704575	31.96839705227081	49.10669245747437	2.9343741997124497	3721.41369214494	9.498835347298341	0	27.86853601702394	61.83530190673418	43.17521964936021	3.467384685548059	3164.0699755587143	9.223727820366431	.41799181547592795	1.12212	.6234000000000001	.77925	.3706100000000004	.12468	.6234000000000001	2.549080000000001	.03117
6.88	1031.925819653266	30.11155833406889	47.91885812883807	3.047942776515949	3670.69557992326	10.76083502079736	0	1092.3368609050465	28.26869124667914	50.261119027980854	3.2303870982484373	3879.3943031929202	12.650674536656668	0	1126.6004373381584	27.168461985751097	51.63200442064806	3.265802520544829	3998.3212830919065	9.847874227154849	0	899.2392274792686	24.828530302155638	41.35150621952683	2.6882774990889926	3198.802770610517	11.067527153961027	0	923.0775390990574	26.68025913415058	42.11567791787568	2.9721184205243487	3289.8677258612665	14.860058040246045	0	209.4634184433767	7.709255669574263	9.459295360314666	.7467958912384564	746.442045586361	13.489772636813154	0	1045.0253876914069	31.912206250816066	49.05878108569639	2.9449632725952486	3718.3947444618757	9.498909875440852	0	27.839263635995266	61.79325502304004	43.162029416725865	3.4772557236432626	3162.974264227163	9.223727820366431	.41799181547592795	1.12212	.6234000000000001	.77925	.3706000000000004	.12468	.6234000000000001	2.5490600000000008	.03117
6.9	1030.6873415978519	30.065986100870173	47.873120860573295	3.058379443031896	3667.573363122803	10.76083502079736	0	1091.0458058402266	28.22302252577079	50.214128641295204	3.2415024360793887	3875.993988154999	12.650674536656668	0	1125.285305191618	27.120937909486262	51.58437679498032	3.2773392875721314	3994.7591721464564	9.847874227154849	0	898.1781730556306	24.78816318989302	41.3129900043309	2.6974392537455034	3195.980458071485	11.067825800097026	0	921.9775458167948	26.647783852694644	42.07688279151427	2.981494797529477	3286.9016368354264	14.860058040246045	0	209.197997581497	7.7175115379640635	9.450532112307084	.7488527808663404	745.7712452470433	13.489772636813154	0	1043.7848656502622	31.854178339808627	49.01091756666518	2.9555414132150717	3715.378423244913	9.49898440475287	0	27.810036902033147	61.751211155043066	43.14880805868854	3.4871244925232934	3161.8777066948433	9.223727820366431	.41799181547592795	1.12212	.6234000000000001	.77925	.3705900000000004	.12468	.6234000000000001	2.5490400000000006	.03117
6.92	1029.4531397435849	30.018698286615205	47.827416687973894	3.068804278293386	3664.4554747076018	10.76083502079736	0	1089.758629094796	28.17587880417216	50.167163617546564	3.2526039773530506	3872.598941805435	12.650674536656668	0	1123.9737602686655	27.07209877870673	51.53676983553671	3.288861012766848	3991.2028107756046	9.847874227154849	0	897.1203538549313	24.746454809430176	41.274493030022704	2.7065894463902183	3193.1625916729536	11.068124462350793	0	920.8810596532553	26.6136985257421	42.03810224346067	2.9908584808716054	3283.9406004455263	14.860058040246045	0	208.93341307660754	7.725157848452213	9.441773995577902	.750905941004648	745.1014077684763	13.489772636813154	0	1042.548880821818	31.794368821290018	48.96310176894507	2.9661086224001467	3712.3648354883185	9.499058935234425	0	27.780856998784174	61.70917505973074	43.13555564278629	3.4969909779114974	3160.7803133111424	9.223727820366431	.41799181547592795	1.12212	.6234000000000001	.77925	.3705800000000004	.12468	.6234000000000001	2.549020000000001	.03117
6.94	1028.22345617316	29.969782878138812	47.781745232403146	3.079217360241046	3661.3422912669716	10.76083502079736	0	1088.4754729620345	28.127374343430212	50.12022411955115	3.2636916938609737	3869.209399618195	12.650674536656668	0	1122.665867224801	27.022083988005445	51.489184113391765	3.3003676159590234	3987.652325200333	9.847874227154849	0	896.0658685083207	24.703516204195992	41.236015801804875	2.7157277227722254	3190.349357983022	11.068423140723635	0	919.7882661724855	26.578082745334953	41.99933601997593	3.000209981810143	3280.9848334311837	14.860058040246045	0	208.66973828042873	7.732159208730159	9.433023112674057	.7529535680199027	744.4325704288417	13.489772636813154	0	1041.3176647698642	31.732924509615025	48.91533356391222	2.976664926148768	3709.35436928743	9.499133466885546	0	27.75172648168599	61.66716997391302	43.12227223320355	3.5068551720482484	3159.682114152662	9.223727820366431	.41799181547592795	1.12212	.6234000000000001	.77925	.3705700000000004	.12468	.6234000000000001	2.549000000000001	.03117
6.96	1026.9980615611769	29.919216095611873	47.73610694108078	3.08961862461003	3658.23349299031	10.76083502079736	0	1087.1962088560385	28.077453539197926	50.07331018789562	3.274765649648213	3865.825167326227	12.650674536656668	0	1121.3615736137242	26.970810512464805	51.44161932350005	3.311859229379669	3984.1076236624326	9.847874227154849	0	895.0146247320655	24.659290577757652	41.19755802370263	2.7248544574401756	3187.5406022084394	11.068721835216852	0	918.6989904658352	26.540913457057812	41.960584630182126	3.009548859879834	3278.0341512080054	14.860058040246045	0	208.40691066919058	7.738558353404936	9.424277407928074	.7549974559091224	743.7647044845825	13.489772636813154	0	1040.0909903523495	31.66977438951038	48.86761281983114	2.9872102909924503	3706.3467405414162	9.499207999706258	0	27.72264455613025	61.62517529770436	43.10895790219991	3.5167170518483233	3158.583092323626	9.223727820366431	.41799181547592795	1.12212	.6234000000000001	.77925	.3705600000000004	.12468	.6234000000000001	2.5489800000000007	.03117
6.98	1025.7769545833241	29.8670282943512	47.690501857872114	3.100008076319926	3655.129097542213	10.76083502079736	0	1085.9208389638115	28.026143072034035	50.026421920960914	3.285825863705521	3862.4462585583224	12.650674536656668	0	1120.060883206052	26.91830306675882	51.39407558570945	3.3233358816211975	3980.568719316774	9.847874227154849	0	893.9666223625848	24.61380245423382	41.15911978799633	2.733969670206044	3184.7363347057512	11.069020545831755	0	917.6132318812507	26.50221737998404	41.92184821045204	3.0188751373057867	3275.088563292606	14.860058040246045	0	208.14493342249486	7.744360212798586	9.415536848931657	.7570376480313389	743.0978131661016	13.489772636813154	0	1038.868852227286	31.604952950055427	48.8199394080288	2.997744712529502	3703.341990163954	9.499282533696588	0	27.693612017290146	61.583191774562536	43.095612718151585	3.5265766017496065	3157.483253721722	9.223727820366431	.41799181547592795	1.12212	.6234000000000001	.77925	.3705500000000004	.12468	.6234000000000001	2.548960000000001	.03117
7	1024.5601328048147	29.81324958767678	47.64493002603734	3.1103857202226743	3652.029121342264	10.76083502079736	0	1084.6493646808087	27.973469279743245	49.97955941595538	3.2968723549528027	3859.0726859425354	12.650674536656668	0	1118.7637992301243	26.864585924443098	51.34655301851207	3.3347976011736113	3977.0356244594323	9.847874227154849	0	892.9218606512156	24.567076031293993	41.12070118557686	2.7430733811036716	3181.936565043462	11.069319272569647	0	916.5309888645833	26.462021048162384	41.883126896434966	3.0281888356534794	3272.1480782365666	14.860058040246045	0	207.88380938434364	7.74956988724238	9.406801401377216	.7590741892291549	742.4318995643491	13.489772636813154	0	1037.6512439458488	31.538494227506234	48.772313200857596	3.0082681864196856	3700.3401573924402	9.499357068856566	0	27.664629632121766	61.5412201334176	43.082236749466986	3.536433806227685	3156.382604178438	9.223727820366431	.41799181547592795	1.12212	.6234000000000001	.77925	.37054000000000037	.12468	.6234000000000001	2.548940000000001	.03117
7.02	1023.3475926754863	29.757909822217616	47.59939148830484	3.1207515610971424	3648.9335795240986	10.76083502079736	0	1083.381786614315	27.919458134199523	49.932722768917294	3.307905142243352	3855.7044610864164	12.650674536656668	0	1117.4703243830854	26.809682894841508	51.29905173898628	3.346244416433011	3973.5083505259927	9.847874227154849	0	891.8803382705327	24.519135157810325	41.08230230592839	2.7521656104077565	3179.1413019867605	11.069618015431832	0	915.4522589613009	26.42035078771793	41.84442082308278	3.037489975805503	3269.212703609094	14.860058040246045	0	207.6235410571876	7.754192646156439	9.3980710288343	.7611071259736386	741.766966621016	13.489772636813154	0	1036.4381579569128	31.470431773017395	48.72473407168433	3.018780708380874	3697.341279761577	9.499431605186219	0	27.635698139467873	61.49926108348678	43.06883006458541	3.5462886497952	3155.2811494541575	9.223727820366431	.41799181547592795	1.12212	.6234000000000001	.77925	.3705300000000004	.12468	.6234000000000001	2.5489200000000007	.03117
7.04	1022.139329524903	29.701038553217597	47.55388628694454	3.1311056036436913	3645.8424858944745	10.76083502079736	0	1082.1181045868232	27.864135218169437	49.885912074717425	3.3189242443680795	3852.341594557241	12.650674536656668	0	1116.1804608419707	26.75361729993284	51.25157186273877	3.357676355710102	3969.986908089865	9.847874227154849	0	890.8420533206656	24.47000331150946	41.04392323711111	2.7612463786528423	3176.3505534822484	11.069916774419617	0	914.3770388182012	26.377232693953047	41.805730124676025	3.0467785779382996	3266.282445979686	14.860058040246045	0	207.36413059597479	7.75823392712936	9.389345692526078	.7631365065092166	741.1030171187272	13.489772636813154	0	1035.2295856115893	31.400798620363872	48.6772018948792	3.029282274185702	3694.3453930769597	9.499506142685572	0	27.606818250161687	61.457315309089424	43.05539273197577	3.55614111700119	3154.1788952332595	9.223727820366431	.41799181547592795	1.12212	.6234000000000001	.77925	.3705200000000004	.12468	.6234000000000001	2.5489000000000006	.03117
7.06	1020.9353375574553	29.642665019841345	47.50841446384128	3.1414478524787457	3642.755852892338	10.76083502079736	0	1080.858317639415	27.807525702135454	49.8391274270616	3.329929680059747	3848.984095862245	12.650674536656668	0	1114.8942102747897	26.696411951237494	51.20411350384662	3.3690934472386975	3966.4713068605897	9.847874227154849	0	889.8070033356187	24.419703576624386	41.00556406574402	2.770315706652302	3173.5643266426664	11.070215549534309	0	913.3053241851226	26.332692608448347	41.76705493485001	3.0560546614989015	3263.3573109007943	14.860058040246045	0	207.10557980219926	7.761699334997831	9.38062535110577	.7651623809985671	740.4400536712357	13.489772636813154	0	1034.0255171677634	31.32962725366284	48.62971654580477	3.0397728796582157	3691.3525313886616	9.499580681354656	0	27.577990647130697	61.41538346446192	43.04192482013533	3.565991192430442	3153.0758471192134	9.223727820366431	.41799181547592795	1.12212	.6234000000000001	.77925	.3705100000000004	.12468	.6234000000000001	2.548880000000001	.03117
7.08	1019.7356098474614	29.582818120480056	47.46297606056811	3.151778312129365	3639.673691547891	10.76083502079736	0	1079.6024240351387	27.749654321119248	49.79236891849323	3.3409214679972	3845.631973428853	12.650674536656668	0	1113.6115738516112	26.638089126704127	51.15667677479932	3.3804957191842315	3962.9615556821486	9.847874227154849	0	888.7751852895885	24.368258621546268	40.96722487698768	2.7793736155173328	3170.78262773162	11.070514340777212	0	912.2371099166569	26.286756096163625	41.72839538662084	3.0653182451816714	3260.4373028904856	14.860058040246045	0	206.8478901179496	7.764594640926263	9.37190996043312	.7671848016675142	739.7780787136152	13.489772636813154	0	1032.8259417946308	31.256949575095465	48.582277900805	3.0502525206705307	3688.362726964822	9.499655221193496	0	27.549215985500407	61.37346616857256	43.02842639758837	3.575838860702839	3151.9720106296786	9.223727820366431	.41799181547592795	1.12212	.6234000000000001	.77925	.3705000000000004	.12468	.6234000000000001	2.548860000000001	.03117
7.1	1018.5401383342678	29.52152638805739	47.417571118459726	3.162096987027811	3636.5960114416575	10.76083502079736	0	1078.350421262388	27.69054535150502	49.745636640395915	3.3518996268095966	3842.2852345849137	12.650674536656668	0	1112.3325522556465	26.578670547596342	51.10926178644087	3.3918831996522574	3959.4576625312766	9.847874227154849	0	887.7465956032836	24.315690676476283	40.928905754526944	2.7884201266759367	3168.0054621483087	11.070813148149632	0	911.1723899738614	26.239448422538818	41.6897516124115	3.07456934690504	3257.522425415106	14.860058040246045	0	206.5910626199576	7.766925781486406	9.363199473350846	.7692038229499203	739.1170944924547	13.489772636813154	0	1031.6308475772348	31.182796872628792	48.53488583719425	3.0607211931394778	3685.376010265232	9.499729762202122	0	27.52049489269817	61.33156399993656	43.01489753288495	3.5856841064727045	3150.8673911916007	9.223727820366431	.41799181547592795	1.12212	.6234000000000001	.77925	.3704900000000004	.12468	.6234000000000001	2.5488400000000007	.03117
7.12	1017.3489138173499	29.458817965335278	47.372199678685696	3.17240388150612	3633.522820663553	10.76083502079736	0	1077.102306038281	27.630222587862793	49.69893068299593	3.3628641750806447	3838.943885538929	12.650674536656668	0	1111.0571456943355	26.518177355379336	51.06186864791178	3.403255916696962	3955.9596345157674	9.847874227154849	0	886.7212301502419	24.262021511077467	40.89060678055374	2.7974552618919155	3165.2328344122516	11.071111971652874	0	910.1111574259705	26.190794530594957	41.65112374407796	3.0838079837882493	3254.612680871944	14.860058040246045	0	206.33509801364693	7.768698857736969	9.354493839461092	.7712195016325801	738.4571030560513	13.489772636813154	0	1030.440221521003	31.107199787737528	48.4875402332462	3.07117889302326	3682.39240991492	9.49980430438056	0	27.491827968556947	61.28967749143088	43.001338294599634	3.595526914428156	3149.76199413631	9.223727820366431	.41799181547592795	1.12212	.6234000000000001	.77925	.37048000000000036	.12468	.6234000000000001	2.548820000000001	.03117
7.14	1016.1619259514132	29.394720580219825	47.32686178232393	3.18269899979067	3630.4541257719516	10.76083502079736	0	1075.8580743120406	27.56870931977174	49.652251135364835	3.37381513135283	3835.6079313602863	12.650674536656668	0	1109.7853539104294	26.456630088606598	51.01449746659116	3.4146138983296668	3952.467477872788	9.847874227154849	0	885.6990842631503	24.207272412126546	40.852328035749835	2.806479043283854	3162.4647481480147	11.071410811288247	0	909.0534044521085	26.140819018035117	41.6125119129352	3.093034172128086	3251.708070571892	14.860058040246045	0	206.07999662718163	7.76992013430325	9.345793004901891	.7732318970001141	737.798106244604	13.489772636813154	0	1029.254049556285	31.03018828312589	48.440240968182906	3.0816256163181026	3679.4119526777404	9.499878847728835	0	27.463215785419102	61.247807125109176	42.98774875133016	3.6053672692904453	3148.655824694616	9.223727820366431	.41799181547592795	1.12212	.6234000000000001	.77925	.3704700000000004	.12468	.6234000000000001	2.548800000000001	.03117
7.16	1014.9791632414938	29.329261521067124	47.281557470433924	3.192982345996753	3627.3899317527516	10.76083502079736	0	1074.6177212683708	27.506028308643497	49.60559808542202	3.3847525141316503	3832.2773759594925	12.650674536656668	0	1108.5171761930762	26.394048659806533	50.96714834803876	3.4259571725273372	3948.981197967185	9.847874227154849	0	884.680152740163	24.15146416116578	40.81406959926957	2.815491493344111	3159.701206069937	11.071709667057055	0	907.9991223430006	26.08954611434536	41.57391624978332	3.1022479273756267	3248.8085947221102	14.860058040246045	0	205.82575840551482	7.770596038456751	9.337096912123613	.7752410709798616	737.1401056804073	13.489772636813154	0	1028.0723165428885	30.951791610449426	48.39298792216378	3.092061359054907	3676.434663429958	9.49995339224698	0	27.434658888240183	61.205953327016736	42.97412897169619	3.6152051558133134	3147.5488879919094	9.223727820366431	.41799181547592795	1.12212	.6234000000000001	.77925	.3704600000000004	.12468	.6234000000000001	2.5487800000000007	.03117
7.18	1013.8006130380596	29.262467611989145	47.23628678413017	3.2032539241231417	3624.3302419784454	10.76083502079736	0	1073.3812413308385	27.44220176454545	49.55897161993723	3.395676341889846	3828.9522220684025	12.650674536656668	0	1107.2526113889044	26.330452332369184	50.91982139593704	3.4372857672410873	3945.5007992897945	9.847874227154849	0	883.6644298512194	24.09461701215481	40.775831548722635	2.8244926349578052	3156.9422099668595	11.072008538960608	0	906.948301502686	26.03699965789571	41.53533688493361	3.111449264112974	3245.91425240869	14.860058040246045	0	205.57238290443732	7.770733159194803	9.328405499665427	.7772470882867747	736.4831027580441	13.489772636813154	0	1026.8950062746173	30.87203827803684	48.345780976274575	3.1024861172958995	3673.4605651338356	9.500027937935018	0	27.406157794692728	61.16411646200539	42.96047902433802	3.625040558782333	3146.4411890432557	9.223727820366431	.41799181547592795	1.12212	.6234000000000001	.77925	.3704500000000004	.12468	.6234000000000001	2.5487600000000006	.03117
7.2	1012.6262615321104	29.194365188159555	47.19104976465548	3.2135137380466627	3621.2750581671835	10.76083502079736	0	1072.14862816525	27.377251323024073	49.51237182453317	3.4065866330716355	3825.6324712204537	12.650674536656668	0	1105.9916579131075	26.265859697432855	50.872516712033196	3.4485997104046886	3942.0262854557545	9.847874227154849	0	882.651909344364	24.036750669122473	40.737613960156814	2.833482491421806	3154.1877606868484	11.072307427000208	0	905.9009314502295	25.983203073041068	41.496773948234605	3.120638196029997	3243.0250415793157	14.860058040246045	0	205.31986928462615	7.770338246320188	9.319718701931752	.7792500165683113	735.8270986345804	13.489772636813154	0	1025.722101483807	30.790956018611823	48.29862001251637	3.11289988713129	3670.489678811219	9.50010248479298	0	27.37771299527003	61.1222968285484	42.946798977915314	3.63487346301426	3145.3327327484935	9.223727820366431	.41799181547592795	1.12212	.6234000000000001	.77925	.3704400000000004	.12468	.6234000000000001	2.548740000000001	.03117
7.22	1011.4560937502797	29.12498007111961	47.14584645345435	3.2237617915167633	3618.224380341846	10.76083502079736	0	1070.9198746830318	27.31119802192822	49.465798783688	3.4174834060969426	3822.318123730897	12.650674536656668	0	1104.7343137605287	26.20028865077081	50.825234396081214	3.4598990299430734	3938.5576592028124	9.847874227154849	0	881.6425844520638	23.977884263818677	40.69941690804075	2.8424610864637185	3151.4378581219266	11.072606331177164	0	904.8570008214333	25.928179347222205	41.45822756909817	3.1298147359010695	3240.1409590259273	14.860058040246045	0	205.06821630569337	7.769418209520761	9.311036448968714	.7812499265493283	735.1720942197578	13.489772636813154	0	1024.5535838458632	30.70857175701489	48.251504913794584	3.123302664675916	3667.5220235171264	9.500177032820888	0	27.349324953389946	61.08049465355542	42.93308890110578	3.644703853356378	3144.2235238873336	9.223727820366431	.41799181547592795	1.12212	.6234000000000001	.77925	.37043000000000037	.12468	.6234000000000001	2.5487200000000008	.03117
7.24	1010.2900935499345	29.054337544083964	47.10067689224626	3.233998088150083	3615.1782067891068	10.76083502079736	0	1069.6949730446086	27.24406227823245	49.41925258073795	3.4283666793656327	3819.009178677027	12.650674536656668	0	1103.480576516745	26.13375636967792	50.77797454578395	3.471183753780846	3935.094922389634	9.847874227154849	0	880.6364478975278	23.9180363333662	40.66124046524672	2.851428444260874	3148.692501192798	11.072905251492784	0	903.8164973705498	25.87195100806667	41.41969787652557	3.1389788955618116	3237.262000367385	14.860058040246045	0	204.81742232023444	7.767980117449073	9.302358666240606	.783246892176976	734.5180901661874	13.489772636813154	0	1023.3894339837975	30.624911577925186	48.20443556390794	3.1336944460659035	3664.557616313331	9.500251582018777	0	27.32099410549866	61.03871008718739	42.91934886260395	3.654531714685848	3143.113567114455	9.223727820366431	.41799181547592795	1.12212	.6234000000000001	.77925	.3704200000000004	.12468	.6234000000000001	2.5487000000000006	.03117
7.26	1009.1282436142765	28.982462327246584	47.0555411230991	3.244222631425021	3612.136534018502	10.76083502079736	0	1068.4739146627824	27.17586386486033	49.37273329787981	3.4392364712617427	3815.7056338784187	12.650674536656668	0	1102.2304433691515	26.066279289857352	50.73073725673517	3.4824539098507836	3931.638075994116	9.847874227154849	0	879.6334919010249	23.857224797912565	40.62308470303335	2.8603845894593176	3145.9516878335735	11.073204187948374	0	902.7794079719928	25.814540100489786	41.381184999133545	3.148130685885826	3234.38816003213	14.860058040246045	0	204.56748526787712	7.7660311968019915	9.293685274406336	.7852409907655902	733.8650868595437	13.489772636813154	0	1022.2296314727656	30.540000693582332	48.15741184753749	3.1440752274553114	3661.5964722419503	9.50032613238667	0	27.2927208611745	60.99694319767145	42.90557893111981	3.6643570319090557	3142.0028669546004	9.223727820366431	.41799181547592795	1.12212	.6234000000000001	.77925	.3704100000000004	.12468	.6234000000000001	2.548680000000001	.03117
7.28	1007.970525447443	28.909378553086533	47.01043918850242	3.2544354246763105	3609.099356721499	10.76083502079736	0	1067.2566902061114	27.106621887507742	49.32624101617355	3.450092800157715	3812.4074858771523	12.650674536656668	0	1100.9839111180459	25.997873082307223	50.68352262236159	3.4937095261023474	3928.187120111694	9.847874227154849	0	878.633708186203	23.795466938281855	40.58494969102841	2.869329547192795	3143.2154149765006	11.07350314054524	0	901.7457186220502	25.755968163795558	41.34268906518039	3.157270116761442	3231.5194312408494	14.860058040246045	0	204.3184026693297	7.763578831400324	9.285016189095884	.7872323031415871	733.2130844087571	13.489772636813154	0	1021.0741548446031	30.45386341150824	48.11043365023557	3.15444500501279	3658.638604299032	9.500400683924594	0	27.2645056032317	60.95519396611587	42.891779175377614	3.67417978996096	3140.8914277976787	9.223727820366431	.41799181547592795	1.12212	.6234000000000001	.77925	.3704000000000004	.12468	.6234000000000001	2.548660000000001	.03117
7.3	1006.8169573838961	28.835133344260157	46.965371044203714	3.2646364819100846	3606.0667421793373	10.76083502079736	0	1066.0433035762192	27.03638562310087	49.279775825977	3.4609356779742795	3809.1147734148853	12.650674536656668	0	1099.7409705471516	25.928590829678154	50.63633082384181	3.5049506153934797	3924.74207264045	9.847874227154849	0	877.6370947122764	23.732808860600752	40.54683555364286	2.8782632960153185	3140.48371262271	11.073802109284692	0	900.7154418347166	25.69627711803968	41.30421015022367	3.1663972595559047	3228.6558483956856	14.860058040246045	0	204.07018732007032	7.760623154234438	9.276351713044164	.7892206179221666	732.5620939612998	13.489772636813154	0	1019.9230091505068	30.36656410227812	48.06350086059965	3.164803779773685	3655.6840914882064	9.50047523663258	0	27.236349026067288	60.91346798741865	42.877949663834954	3.6839999748635788	3139.7792599183363	9.223727820366431	.41799181547592795	1.12212	.6234000000000001	.77925	.3703900000000004	.12468	.6234000000000001	2.5486400000000007	.03117
7.32	1005.6678348427547	28.759945962798124	46.9203360079225	3.274825896186571	3603.039300755868	10.76083502079736	0	1064.8338602296928	26.96542954940231	49.23333789288208	3.4717650694549023	3805.827852323295	12.650674536656668	0	1098.501570785026	25.85876443279183	50.589162698723115	3.516177079957976	3921.3030873843722	9.847874227154849	0	876.643698189418	23.669511838555955	40.508742826712535	2.887185470322895	3137.756859258599	11.074101094168036	0	899.6887897806854	25.635661392579642	41.26574794616601	3.1755126420275324	3225.797755082255	14.860058040246045	0	203.8229665098098	7.757110232348505	9.267695015658402	.7912035617163719	731.912209270613	13.489772636813154	0	1018.7764001395154	30.278466297187066	48.01661338406992	3.175151588324306	3652.7335090762904	9.500549790510652	0	27.208254273540593	60.87181252893525	42.86409046291464	3.693817580419364	3138.6664175471806	9.223727820366431	.41799181547592795	1.12212	.6234000000000001	.77925	.3703800000000004	.12468	.6234000000000001	2.548620000000001	.03117
7.34	1004.5228666733586	28.683671556435204	46.87533474137102	3.2850035937828244	3600.0164944491057	10.76083502079736	0	1063.628249706675	26.89355217397836	49.186927220708405	3.482581038579631	3802.546407296381	12.650674536656668	0	1097.2657474645005	25.788136730805267	50.5420176966727	3.5273890548516076	3917.870029504875	9.847874227154849	0	875.6534612795389	23.60538237420729	40.47067117541427	2.896096430132595	3135.034607437636	11.074400095196578	0	898.6655519199209	25.573992864040534	41.22730295104177	3.184615828645103	3222.9448406146585	14.860058040246045	0	203.57662533520627	7.75310034689641	9.25904321879669	.7931833210767244	731.2633493906898	13.489772636813154	0	1017.634108167456	30.18930117269548	47.969771093281075	3.1854883924871245	3649.7863818505966	9.500624345558839	0	27.180219254506465	60.83018688811158	42.85020164335479	3.7036325841478304	3137.552861995273	9.223727820366431	.41799181547592795	1.12212	.6234000000000001	.77925	.37037000000000037	.12468	.6234000000000001	2.548600000000001	.03117
7.36	1003.3820387858285	28.606337354150998	46.83036726841254	3.295169580015126	3596.998328230236	10.76083502079736	0	1062.4264631038545	26.82077714744876	49.140543888510884	3.4933836021621008	3799.2704400625175	12.650674536656668	0	1096.0334945874988	25.716729320672716	50.494895923577246	3.538586564528611	3914.4429000589776	9.847874227154849	0	874.6663754056545	23.540442081557803	40.43262067629442	2.9049961913588986	3132.316958155387	11.074699112371631	0	897.6457173623645	25.511295864807412	41.18887527930191	3.1937068401988027	3220.097103440089	14.860058040246045	0	203.33116336943365	7.748599713988283	9.250396310397031	.7951599209469498	730.615515957686	13.489772636813154	0	1016.4961142868651	30.099098986242936	47.92297387768771	3.1958141896270837	3646.842730783585	9.500698901777168	0	27.152244327364368	60.78859202236761	42.836283273856246	3.7134449713472297	3136.438598517598	9.223727820366431	.41799181547592795	1.12212	.6234000000000001	.77925	.37036000000000036	.12468	.6234000000000001	2.5485800000000007	.03117
7.38	1002.2453364107632	28.52797019910855	46.78543361249618	3.3053238601780985	3593.9848060740123	10.76083502079736	0	1061.2284909832065	26.747127762759412	49.09418797436421	3.504172776936671	3795.9999515733653	12.650674536656668	0	1094.8048057465126	25.644563445668396	50.44779748410704	3.549769633294047	3911.0216994703915	9.847874227154849	0	873.6824316184709	23.47471223003345	40.39459140496018	2.9138847698498274	3129.603911799075	11.074998145694497	0	896.6292747260286	25.447594395399506	41.1504650444474	3.202785697238646	3217.254541295888	14.860058040246045	0	203.08657995341417	7.743614600148023	9.24175427765956	.7971333864287122	729.9687104381014	13.489772636813154	0	1015.3623989095427	30.007889494358956	47.876221627590816	3.2061289771739103	3643.902575608082	9.50077345916567	0	27.124329828931415	60.747028854739305	42.82233542312381	3.723254727355723	3135.3236322928415	9.223727820366431	.41799181547592795	1.12212	.6234000000000001	.77925	.3703500000000004	.12468	.6234000000000001	2.5485600000000006	.03117
7.4	1001.1127441069433	28.44859653178505	46.740533796701335	3.3154664395428664	3590.9759309425026	10.76083502079736	0	1060.0343233800038	26.672626942237095	49.0478595553688	3.514948579560529	3792.7349419985217	12.650674536656668	0	1093.5796741338145	25.57165998493722	50.400722481687815	3.5609382853072993	3907.606427534023	9.847874227154849	0	872.701620604932	23.408213731910635	40.35658343608107	2.9227621813903206	3126.8954681436053	11.075297195166486	0	895.6162121477901	25.382912108503113	41.11207235903791	3.2118524200719327	3214.417151206264	14.860058040246045	0	202.84287419507183	7.738151318937302	9.233117106953062	.7991037428284213	729.3229341227283	13.489772636813154	0	1014.2329418202243	29.915701933977363	47.82951423412746	3.2164327526203778	3640.9659348134373	9.500848017724367	0	27.096476074658277	60.705498270585274	42.808358159864866	3.7330618375510833	3134.2079684204814	9.223727820366431	.41799181547592795	1.12212	.6234000000000001	.77925	.3703400000000004	.12468	.6234000000000001	2.548540000000001	.03117
7.42	999.9842457690352	28.36824237310256	46.695667843782104	3.3255973233552107	3587.9717047688396	10.76083502079736	0	1058.843949810829	26.597297224644226	49.00155870765684	3.525711026615777	3789.475410720175	12.650674536656668	0	1092.3580925506744	25.498039443045595	50.35367101847267	3.572092544585567	3904.1970834204812	9.847874227154849	0	871.723932696769	23.340967129743742	40.31859684339037	2.9316284417056147	3124.1916263475964	11.07559626078891	0	894.6065172941848	25.317272293004535	41.073697334700555	3.220907028760704	3211.5849294790164	14.860058040246045	0	202.60004496858585	7.732216227579566	9.224484783721504	.8010710157040377	728.6781881205987	13.489772636813154	0	1013.1077221902551	29.82256500375071	47.782851589260545	3.2267255135205666	3638.032825641683	9.50092257745329	0	27.06868335884512	60.6640011142934	42.794351552787994	3.7428662873503917	3133.0916119178855	9.223727820366431	.41799181547592795	1.12212	.6234000000000001	.77925	.3703300000000004	.12468	.6234000000000001	2.548520000000001	.03117
7.44	998.8598246352938	28.286933307558723	46.65083577621173	3.3357165168337284	3584.9721284409693	10.76083502079736	0	1057.6573592815848	26.52116075223356	48.9552855063983	3.5364601346115356	3786.2213563277555	12.650674536656668	0	1091.1400534165718	25.42372193953219	50.30664319531393	3.583232435007361	3900.793665680579	9.847874227154849	0	870.7493578790481	23.272992583792643	40.28063169968661	2.9404835664646205	3121.4923849494035	11.075895342563072	0	893.6001773722003	25.25069785802295	41.035340082138575	3.2299495431191976	3208.7578717022566	14.860058040246045	0	202.35809091364402	7.7258157235840335	9.21585729239058	.8030352309118797	728.0344733529338	13.489772636813154	0	1011.986718591263	29.728506845364645	47.736233585768495	3.2370072574881297	3635.1032640836866	9.500997138352465	0	27.04095195485752	60.622538185987445	42.780315670601595	3.752668062209739	3131.9745677174055	9.223727820366431	.41799181547592795	1.12212	.6234000000000001	.77925	.37032000000000037	.12468	.6234000000000001	2.5485000000000007	.03117
7.46	997.7394632952667	28.204694466357488	46.606037616226985	3.345824025167986	3581.977201785401	10.76083502079736	0	1056.474540295508	26.44423925780296	48.9090400258069	3.547195919986033	3782.972776612587	12.650674536656668	0	1089.9255487784123	25.34872719845871	50.25963911173504	3.5943579803159973	3897.3961722498416	9.847874227154849	0	869.7778857987194	23.204309859450255	40.24268807683504	2.9493275712833005	3118.7977418631485	11.076194440490283	0	892.5971791400711	25.183211316943353	40.99700071114006	3.2389799827113026	3205.93597274113	14.860058040246045	0	202.11701043469634	7.718956241369697	9.207234616274228	.8049964146534292	727.3917905470906	13.489772636813154	0	1010.8699090088315	29.63355502485233	47.689660117235015	3.24727798219455	3632.1772648753104	9.501071700421921	0	27.01328211534239	60.58111023823374	42.766250582012546	3.7624671476239206	3130.856840663471	9.223727820366431	.41799181547592795	1.12212	.6234000000000001	.77925	.37031000000000036	.12468	.6234000000000001	2.548480000000001	.03117
7.48	996.6231436974973	28.12155051053982	46.56127338587264	3.3559198535166805	3578.986923550955	10.76083502079736	0	1055.295480861179	26.366554051750096	48.862822339146206	3.557918399108707	3779.7296685625406	12.650674536656668	0	1088.7145703197402	25.273074537960653	50.212658865902455	3.6054692041230942	3894.0046004530095	9.847874227154849	0	868.8095057731648	23.134938314670027	40.20476604576906	2.9581604717280476	3116.1076943747453	11.076493554571853	0	891.5975089180719	25.11483477144943	40.95867933058667	3.247998366848017	3203.1192267345373	14.860058040246045	0	201.87680170020832	7.711644248889324	9.198616737481167	.8069545935221383	726.7501402305112	13.489772636813154	0	1009.7572708561732	29.537736513908815	47.64313107803874	3.2575376853674065	3629.254841493568	9.501146263661685	0	26.9856740724439	60.539717972747766	42.752156355724765	3.7722635291261404	3129.738435509684	9.223727820366431	.41799181547592795	1.12212	.6234000000000001	.77925	.3703000000000004	.12468	.6234000000000001	2.548460000000001	.03117
7.5	995.5108471572288	28.037525614114426	46.516543107045855	3.3660040070057926	3576.001291392512	10.76083502079736	0	1054.1201685005349	26.28812600912721	48.81663251873557	3.5686275882822933	3776.4920283566858	12.650674536656668	0	1087.5071093699537	25.196782859798112	50.16570255459749	3.616566129912065	3890.6189470085437	9.847874227154849	0	867.8442067987469	23.064896887393516	40.16686567649177	2.966982283319061	3113.422239137929	11.076792684809087	0	890.6011525993114	25.04558989555651	40.92037604846233	3.2570047145849	3200.3076270918564	14.860058040246045	0	201.63746264191445	7.703886244253457	9.190003636821439	.8089097945502347	726.10952272467	13.489772636813154	0	1008.648780987803	29.44107767120546	47.59664636334302	3.2677863647886323	3626.336006152781	9.501220828071784	0	26.958128038019417	60.49836203710082	42.73803306043791	3.7820571922877044	3128.619356915915	9.223727820366431	.41799181547592795	1.12212	.6234000000000001	.77925	.3702900000000004	.12468	.6234000000000001	2.5484400000000007	.03117
7.52	994.4025543641071	27.952643447188464	46.47184680154064	3.376076490726746	3573.020301854764	10.76083502079736	0	1052.9485902568802	26.20897555669584	48.77047063595617	3.5793235037449294	3773.2598513599423	12.650674536656668	0	1086.303156913519	25.119870638906526	50.11877027318825	3.627648781041614	3887.2392080331306	9.847874227154849	0	866.8819775593571	22.99420408297787	40.128987038077305	2.975793021533727	3110.741372170281	11.077091831203298	0	889.6080956605266	24.97549791964443	40.882090971861956	3.2659990447195315	3197.5011664896642	14.860058040246045	0	201.3989909540718	7.695688752354413	9.181395293712923	.810862045255529	725.4699381390224	13.489772636813154	0	1007.544415713211	29.343604223704293	47.55020586908558	3.2780240182927805	3623.420769800733	9.501295393652246	0	26.930644203855408	60.45704302142664	42.72388076484594	3.791848122717724	3127.499609445397	9.223727820366431	.41799181547592795	1.12212	.6234000000000001	.77925	.3702800000000004	.12468	.6234000000000001	2.5484200000000006	.03117
7.54	993.2982453898846	27.866927159098257	46.42718449109225	3.386137309734566	3570.0439503559605	10.76083502079736	0	1051.780732702899	26.12912265998153	48.72433676125704	3.590006161672244	3770.033132117733	12.650674536656668	0	1085.1027035991847	25.04235591294745	50.071862115601455	3.6387171807492322	3883.865379046187	9.847874227154849	0	865.9228064349638	22.922877961623374	40.09113019867243	2.9845927018099947	3108.0650888492596	11.077390993755792	0	888.6183231728762	24.904579614490455	40.843824207000154	3.274981375788965	3194.6998368684576	14.860058040246045	0	201.16138409271318	7.687058321490284	9.172791686087882	.81281137368822	724.8313863649524	13.489772636813154	0	1006.4441508105361	29.24534124797244	47.50380949196829	3.2882506437652843	3620.5091421148313	9.501369960403098	0	26.903222741883372	60.41576145512804	42.70969953763576	3.8016363060628127	3126.379197561818	9.223727820366431	.41799181547592795	1.12212	.6234000000000001	.77925	.3702700000000004	.12468	.6234000000000001	2.548400000000001	.03117
7.56	992.197899696124	27.780399361540034	46.382556197421614	3.3961864690460306	3567.0722311716595	10.76083502079736	0	1050.6165819486669	26.048586810328615	48.67823096416105	3.6006755781794544	3766.811864350637	12.650674536656668	0	1083.9057397491972	24.964256271859348	50.0249781742944	3.64977135215469	3880.497454974365	9.847874227154849	0	864.9666815101617	22.850936125800995	40.05329522549794	2.9933813395497526	3105.3933839082238	11.077690172467879	0	887.6318198127354	24.83285527530221	40.805575859219964	3.283951726067184	3191.9036294293774	14.860058040246045	0	200.9246392749009	7.67800151998894	9.16419279029949	.814757808477701	724.1938670697214	13.489772636813154	0	1005.3479615402393	29.14631315149651	47.45745712944684	3.298466239140717	3617.6011314982597	9.50144452832437	0	26.87586380439577	60.374517803583544	42.695489447485876	3.811421728006784	3125.2581256264198	9.223727820366431	.41799181547592795	1.12212	.6234000000000001	.77925	.37026000000000037	.12468	.6234000000000001	2.5483800000000008	.03117
7.58	991.101496141901	27.693082111700605	46.337961942279776	3.4062239736378337	3564.1051374184754	10.76083502079736	0	1049.4561236496615	25.9673870119549	48.63215331327095	3.611331769323464	3763.596040949039	12.650674536656668	0	1082.7122553685128	24.885588847408346	49.978118540226745	3.6608113182635362	3877.1354301560577	9.847874227154849	0	864.013590582719	22.77839570767987	40.01548218485013	3.002158950122209	3102.726251432463	11.07798936734087	0	886.6485698724889	24.760344705750562	40.767346033001516	3.2929101135625576	3189.1125346309273	14.860058040246045	0	200.68875347798004	7.668524932832026	9.155598581028364	.8167013788793667	723.5573796904152	13.489772636813154	0	1004.2558226587763	29.046543653996967	47.41114867972047	3.308670802401059	3614.6967450761363	9.501519097416086	0	26.84856752426194	60.33331246485402	42.68125056306497	3.8212043742703536	3124.13639789509	9.223727820366431	.41799181547592795	1.12212	.6234000000000001	.77925	.37025000000000036	.12468	.6234000000000001	2.5483600000000006	.03117
7.6	990.0090129915088	27.60499689538813	46.29340174749231	3.4162498284447387	3561.14266103783	10.76083502079736	0	1048.2993430147762	25.88554176900644	48.58610387627536	3.6219747511049554	3760.385653967784	12.650674536656668	0	1081.5222401540148	24.806370302739023	49.93128330283248	3.6718371019705867	3873.779298345901	9.847874227154849	0	863.0635211721265	22.70527335655487	39.97769114210227	3.0109255488672684	3100.063684855223	11.078288578376073	0	885.6685572713251	24.68706720200253	40.72913483197079	3.301856556015295	3186.3265421856977	14.860058040246045	0	200.453723438832	7.658635158278968	9.147009031189098	.8186421148214186	722.9219234278935	13.489772636813154	0	1003.1677084322712	28.946055768742564	47.364884041721695	3.3188643315739554	3611.795988691671	9.501593667678275	0	26.82133401514403	60.29214576638931	42.66698295303057	3.8309842306108344	3123.0140185154564	9.223727820366431	.41799181547592795	1.12212	.6234000000000001	.77925	.3702400000000004	.12468	.6234000000000001	2.548340000000001	.03117
7.62	988.9204279221613	27.516164610162782	46.24887563500375	3.4262640383577376	3558.1847927796985	10.76083502079736	0	1047.1462248143293	25.803069072612242	48.54008271995479	3.632604539470489	3757.180694620828	12.650674536656668	0	1080.3356835037252	24.72661682192516	49.88447254999178	3.682848726063426	3870.429052719284	9.847874227154849	0	862.116460528146	22.631585226274098	39.93992216170608	3.0196811510989088	3097.4056769537337	11.078587805574797	0	884.6917655660302	24.6130415367542	40.69094235890831	3.3107910708949038	3183.5456410570864	14.860058040246045	0	200.21954565312774	7.648338804490964	9.138424111836787	.8205800469516715	722.2874972407362	13.489772636813154	0	1002.0835926501898	28.844871783864704	47.31866311510601	3.329046824730979	3608.8988669023224	9.501668239110966	0	26.7941633717129	60.251017961734874	42.65268668602763	3.840761282821838	3121.8909915239833	9.223727820366431	.41799181547592795	1.12212	.6234000000000001	.77925	.3702300000000004	.12468	.6234000000000001	2.548320000000001	.03117
7.64	987.8357180316958	27.426605548467514	46.20438362692202	3.4362666082222044	3555.231522186362	10.76083502079736	0	1045.9967533880779	25.71998638793902	48.49408991018767	3.6432211503145946	3753.981153275892	12.650674536656668	0	1079.1525745260217	24.646344099520544	49.837686368002835	3.6938462132258985	3867.0846858768477	9.847874227154849	0	861.1723956393587	22.557346962666447	39.90217530719318	3.028425772108561	3094.7522198452375	11.078887048938352	0	883.7181779617821	24.538285943263634	40.652768715757865	3.3197136753976415	3180.7698194560203	14.860058040246045	0	199.9862163745816	7.637642486154995	9.129843792073576	.82251520668436	721.6540998391936	13.489772636813154	0	1001.0034486390123	28.743013243671864	47.272485800241625	3.3392182799858934	3606.005382975952	9.501742811714184	0	26.767055669864085	60.209929227238426	42.63836183068718	3.850535516732972	3120.767320843065	9.223727820366431	.41799181547592795	1.12212	.6234000000000001	.77925	.3702200000000004	.12468	.6234000000000001	2.5483000000000007	.03117
7.66	986.7548598462778	27.336339380758734	46.15992574556282	3.446257542836057	3552.2828375761537	10.76083502079736	0	1044.8509126532279	25.636310641245906	48.448125511956334	3.6538245994818723	3750.7870194491115	12.650674536656668	0	1077.9729020488496	24.565567330109705	49.79092484155383	3.7048295860416034	3863.746189848994	9.847874227154849	0	860.2313132417131	22.482573690969094	39.864450641176575	3.0371594271684845	3092.1033049830144	11.079186308468051	0	882.747777322944	24.46281809938377	40.614614003635204	3.328624386443977	3177.999064837678	14.860058040246045	0	199.75373161420438	7.626552821107816	9.121268038955174	.8244476262469441	721.0217296791325	13.489772636813154	0	999.9272492759069	28.640500929963956	47.226351998199156	3.349378695492915	3603.1155388869847	9.501817385487959	0	26.740010966933685	60.16887965875655	42.624008455624974	3.86030691820954	3119.643010278121	9.223727820366431	.41799181547592795	1.12212	.6234000000000001	.77925	.37021000000000037	.12468	.6234000000000001	2.548280000000001	.03117
7.68	985.6778462080242	27.245392300333698	46.115501980703186	3.4562368491942292	3549.338755234009	10.76083502079736	0	1043.7086986061342	25.552063279853094	48.402189592693674	3.6644149005946796	3747.59829887088	12.650674536656668	0	1076.7966639077797	24.484304708067505	49.74418808617478	3.7157988636084043	3860.413563394608	9.847874227154849	0	859.293208036074	22.40728564836288	39.82674823466748	3.0458821256303827	3089.4589361848957	11.0794855841652	0	881.7805567380415	24.38666229045875	40.5764783151669	3.3375232291956745	3175.2333795858153	14.860058040246045	0	199.5220923508239	7.615075614822697	9.112696915883783	.8263772866688686	720.3903911049842	13.489772636813154	0	998.8549848747251	28.537362114299494	47.18026161315957	3.3595280703130386	3600.22936021454	9.501891960432317	0	26.713029543773978	60.127871988230105	42.60962662964533	3.8700754733325113	3118.518066460583	9.223727820366431	.41799181547592795	1.12212	.6234000000000001	.77925	.37020000000000036	.12468	.6234000000000001	2.548260000000001	.03117
7.7	984.6049614287242	27.153913743521784	46.07111175512712	3.4662045731022624	3546.399795471767	10.76083502079736	0	1042.5703229798698	25.467352948688006	48.35628227674196	3.674992029612034	3744.4152917442325	12.650674536656668	0	1075.6240182021636	24.4026346342017	49.69747677764004	3.7267540063007747	3857.086930902737	9.847874227154849	0	858.3582165050757	22.331600187764963	39.78906831891926	3.0545937746799563	3086.8193420613325	11.07978487603111	0	880.8166915658046	24.30996641023888	40.538361609478905	3.3464103759250055	3172.4730367205334	14.860058040246045	0	199.29138947501022	7.60320261903658	9.104132187862069	.8283032692719832	719.7601945735793	13.489772636813154	0	997.7869545220243	28.433749057266198	47.13421459182159	3.3696664185619505	3597.347302045721	9.501966536547286	0	26.686115847329546	60.08695591478516	42.595216425085816	3.8798411713367016	3117.3925468636235	9.223727820366431	.41799181547592795	1.12212	.6234000000000001	.77925	.37019000000000035	.12468	.6234000000000001	2.5482400000000007	.03117
7.72	983.5359291393121	27.061814824979432	46.02675558007286	3.476160685772336	3543.4655081491674	10.76083502079736	0	1041.435582526601	25.382119378663774	48.310403576712375	3.6855560346032843	3741.2377309253507	12.650674536656668	0	1074.4548148755212	24.320518497520556	49.65079051223387	3.7376950868613577	3853.7661741591387	9.847874227154849	0	857.4262025022646	22.255446780200934	39.751410815155666	3.063294477433734	3084.18431808544	11.080084184067093	0	879.8560066334045	24.232639530439013	40.5002640994068	3.3552857159107408	3169.7177879290693	14.860058040246045	0	199.0615407051048	7.590952527942537	9.095572349457711	.8302263837921291	719.1310462248377	13.489772636813154	0	996.7228638325832	28.329571926324984	47.08821080131049	3.379793725585234	3594.468991831634	9.502041113832894	0	26.659266280919258	60.046090792822845	42.58077790745289	3.889603995509669	3116.26641108013	9.223727820366431	.41799181547592795	1.12212	.6234000000000001	.77925	.3701800000000004	.12468	.6234000000000001	2.5482200000000006	.03117
7.74	982.4707316889894	26.96911596657899	45.9824334635273	3.4861051928630644	3540.5358904249615	10.76083502079736	0	1040.3044654988514	25.296379625017078	48.264553555652775	3.6961069301995177	3738.0656105942667	12.650674536656668	0	1073.2890461417628	24.237971058651382	49.60412938337938	3.7486221258949994	3850.451286429421	9.847874227154849	0	856.4971557449817	22.17884102916832	39.71377578676278	3.0719842463111564	3081.553859216728	11.08038350827446	0	878.8984885723312	24.15470036384475	40.46218587919146	3.3641492689989962	3166.967625076124	14.860058040246045	0	198.83254355373828	7.578331551742611	9.087017405472999	.8321466414047357	718.502946362717	13.489772636813154	0	995.6626925280012	28.22485172643237	47.04225014655449	3.3899099900946235	3591.594438184685	9.502115692289168	0	26.632480944895132	60.0052776576125	42.56631114538501	3.8993639319422755	3115.1396638204396	9.223727820366431	.41799181547592795	1.12212	.6234000000000001	.77925	.3701700000000004	.12468	.6234000000000001	2.548200000000001	.03117
7.76	981.4093513573736	26.87583708054042	45.938145413006765	3.496038100038078	3537.610938954801	10.76083502079736	0	1039.176960109766	25.210150278667363	48.21873227583675	3.7066447309326507	3734.898924521513	12.650674536656668	0	1072.1267042352633	24.155006622406457	49.55749348364105	3.759535143830704	3847.1422606317965	9.847874227154849	0	855.5710659661205	22.101798109741303	39.67616329647122	3.08066309356722	3078.927960088792	11.080682848654519	0	877.9441240170785	24.07616718515311	40.42412704207865	3.3730010549813447	3164.2225396850845	14.860058040246045	0	198.60439543022156	7.565345864605024	9.078467360901168	.8340640529028268	717.8758951754012	13.489772636813154	0	994.6064204397566	28.119608806289353	46.99633253319924	3.400015210857452	3588.7236490885034	9.502190271916135	0	26.605759928771555	59.96451752216088	42.551816207504075	3.909120966764522	3114.0123097442884	9.223727820366431	.41799181547592795	1.12212	.6234000000000001	.77925	.3701600000000004	.12468	.6234000000000001	2.5481800000000008	.03117
7.78	980.3517703737435	26.781997557459064	45.893891435578944	3.505959412965716	3534.690649894959	10.76083502079736	0	1038.053054549663	25.1234474567403	48.17293979877192	3.7171694512360407	3731.7376660744453	12.650674536656668	0	1070.9677814264207	24.07163902973397	49.5108829047188	3.7704341609228136	3843.8390893465726	9.847874227154849	0	854.6479229282879	22.02433275985825	39.63857340636399	3.0893310312918203	3076.306615014251	11.080982205208583	0	876.9928996231531	23.997057819914218	40.38608768032251	3.3818410935981014	3161.4825229454723	14.860058040246045	0	198.3770936433623	7.552001600732857	9.069922220900285	.8359786287082308	717.2498927334537	13.489772636813154	0	993.5540275351003	28.013862844627536	46.950457867599155	3.4101093866955132	3585.856631911128	9.502264852713823	0	26.579103311606552	59.923811375778506	42.53729316241424	3.9188750861453725	3112.8843534599237	9.223727820366431	.41799181547592795	1.12212	.6234000000000001	.77925	.37015000000000037	.12468	.6234000000000001	2.5481600000000006	.03117
7.8	979.2979709362855	26.68761625433342	45.84967153788496	3.515869137318721	3531.775018906048	10.76083502079736	0	1036.9327370025912	25.03628679309135	48.127176185208214	3.7276811054450927	3728.581828223572	12.650674536656668	0	1069.812270037215	23.987881649669063	49.46429773744207	3.781319197252183	3840.5417648256484	9.847874227154849	0	853.7277164379666	21.94645927160933	39.601006177884265	3.0979880714090866	3073.6898179896853	11.081281577937961	0	876.0448020850866	23.917389633473032	40.348067885189	3.3906694045416006	3158.7475657203927	14.860058040246045	0	198.15063540428199	7.538304850432722	9.06138199076711	.8378903788827904	716.6249389879708	13.489772636813154	0	992.5054939429502	27.907632836495306	46.90462605680883	3.420192516483911	3582.993393418189	9.502339434682261	0	26.552511162383116	59.8831601826462	42.522742078700624	3.9286262762925763	3111.755799523211	9.223727820366431	.41799181547592795	1.12212	.6234000000000001	.77925	.37014000000000036	.12468	.6234000000000001	2.548140000000001	.03117
7.82	978.2479352313385	26.592711482592893	45.80548572616134	3.5257672787739316	3528.864041156743	10.76083502079736	0	1035.8159956628824	24.948683428829224	48.081441495146194	3.73817970779787	3725.4314035488756	12.650674536656668	0	1068.660162456768	23.90374737128479	49.41773807176392	3.7921902727273613	3837.250279002004	9.847874227154849	0	852.8104363596757	21.868191482524022	39.5634616718433	3.106634225676729	3071.077562700575	11.081580966843966	0	875.0998181544452	23.83717951991101	40.31006774695937	3.399486007459483	3156.017658553982	14.860058040246045	0	197.92501782923267	7.524261656183431	9.052846675910981	.8397993131395721	716.0010337687328	13.489772636813154	0	991.4607999797848	27.80093707954397	46.85883700857437	3.4302645991499188	3580.133939786096	9.502414017821476	0	26.5259835403905	59.84256488038145	42.508163024928116	3.93837452345249	3110.626652436745	9.223727820366431	.41799181547592795	1.12212	.6234000000000001	.77925	.3701300000000004	.12468	.6234000000000001	2.548120000000001	.03117
7.84	977.2016454526404	26.49730099612561	45.76133400626205	3.5356538430119735	3525.9577113274995	10.76083502079736	0	1034.702818751708	24.860652002839448	48.03573578784533	3.7486652724357	3722.2863842461406	12.650674536656668	0	1067.511451156901	23.819248595643153	49.37120399675518	3.803047407085765	3833.9646234991933	9.847874227154849	0	851.8960726301333	21.789542766858712	39.5259399484282	3.115269505685372	3068.4698425262422	11.081880371927907	0	874.1579346578412	23.756443890987857	40.272087354933646	3.408290921957968	3153.2927916788594	14.860058040246045	0	197.70023794241382	7.509878008704683	9.044316281827687	.8417054408540761	715.378176782358	13.489772636813154	0	990.4199261755376	27.69379316031394	46.81309063132477	3.4403256336718333	3577.2782766152195	9.502488602131493	0	26.499520495605516	59.8020263786049	42.49355606964011	3.9481198139098974	3109.4969166489573	9.223727820366431	.41799181547592795	1.12212	.6234000000000001	.77925	.3701200000000004	.12468	.6234000000000001	2.5481000000000007	.03117
7.86	976.1590838205734	26.401401979306144	45.71721638368043	3.5455288357169548	3523.056023614274	10.76083502079736	0	1033.593194533632	24.772206642307832	47.990059121832324	3.7591378134037883	3719.1467621332763	12.650674536656668	0	1066.366128707696	23.73439722774607	49.32469560059844	3.813890619894859	3830.684789640838	9.847874227154849	0	850.984615272417	21.71052602688423	39.48844106720979	3.1238939228578997	3065.8666505447854	11.082179793191097	0	873.2191385149432	23.67519866508317	40.23412679743407	3.417084167605145	3150.572955023571	14.860058040246045	0	197.47629267878915	7.495159843025719	9.035790814073346	.8436087710754461	714.7563676104546	13.489772636813154	0	989.382853299491	27.586217940520864	46.76738683416329	3.450375619077832	3574.4264089430744	9.502563187612342	0	26.473122069073856	59.761545557506736	42.47892128135729	3.957862133987836	3108.3665965532246	9.223727820366431	.41799181547592795	1.12212	.6234000000000001	.77925	.3701100000000004	.12468	.6234000000000001	2.5480800000000006	.03117
7.88	975.1202326014102	26.305031035023323	45.67313286357129	3.555392262576158	3520.1589717322463	10.76083502079736	0	1032.4871113331671	24.683360953244012	47.94441155490938	3.76959734465182	3716.012528656644	12.650674536656668	0	1065.2241877930528	23.64920466848639	49.27821297058222	3.8247199305533317	3827.41076846012	9.847874227154849	0	850.0760544101269	21.631153684173448	39.45096508715044	3.1325074884487925	3063.2679795380195	11.082479230634847	0	872.283416756487	23.593459256138196	40.19618616180861	3.4258657639342456	3147.858138220043	14.860058040246045	0	197.25317888690344	7.480113034554013	9.027270278238273	.8455093125376789	714.1356057077742	13.489772636813154	0	988.3495623861702	27.478227543341806	46.72172552685884	3.4604145544448257	3571.5783412575074	9.50263777426405	0	26.44678829329138	59.72112326641318	42.464258728576375	3.967601470047414	3107.23569648698	9.223727820366431	.41799181547592795	1.12212	.6234000000000001	.77925	.3701000000000004	.12468	.6234000000000001	2.548060000000001	.03117
7.9	974.0850741265588	26.208204172707976	45.62908345077283	3.565244129279734	3517.266548919535	10.76083502079736	0	1031.3845575513283	24.594128011004944	47.898793144162504	3.7800438800345777	3712.8836748973804	12.650674536656668	0	1064.085621226249	23.56368180659888	49.23175619309502	3.835535358292276	3824.142550709271	9.847874227154849	0	849.1703802815456	21.551437670888802	39.41351206661192	3.1411102135434708	3060.673821996417	11.082778684260468	0	871.3507565422861	23.511240562597482	40.15826553443436	3.434635730446931	3145.148330611027	14.860058040246045	0	197.03089333169942	7.464743395143936	9.018754679920868	.8474070736708343	713.5158904003633	13.489772636813154	0	987.3200347612371	27.36983733970138	46.67610661983731	3.4704424388973174	3568.7340775098796	9.502712362086646	0	26.420519192585417	59.680760322352874	42.44956847976892	3.977337808487638	3106.1042207308205	9.223727820366431	.41799181547592795	1.12212	.6234000000000001	.77925	.37009000000000036	.12468	.6234000000000001	2.5480400000000007	.03117
7.92	973.0535908118094	26.110936796360736	45.585068149828714	3.575084441520392	3514.3787479409248	10.76083502079736	0	1030.285521682188	24.504520350818428	47.853203945969824	3.7904774333125415	3709.7601915777245	12.650674536656668	0	1062.9504219654996	23.47783901061124	49.185325353619454	3.846336922176363	3820.88012686907	9.847874227154849	0	848.2675832538011	21.471389421069887	39.37608206336321	3.1497021090576305	3058.084170124042	11.083078154069273	0	870.4211451792427	23.428556956350626	40.12036500072108	3.4433940866165704	3142.443521257551	14.860058040246045	0	196.80943269733453	7.449056669165433	9.01024402470148	.8493020626122445	712.8972208837172	13.489772636813154	0	986.2942520673851	27.26106193455793	46.630530024173	3.4804592716062546	3565.893621128251	9.502786951080155	0	26.394314783496085	59.640457508623356	42.43485060338005	3.98707113574523	3104.972173507616	9.223727820366431	.41799181547592795	1.12212	.6234000000000001	.77925	.37008000000000035	.12468	.6234000000000001	2.5480200000000006	.03117
7.94	972.0257651765793	26.013243692579767	45.54108696501	3.5849132049930974	3511.4955610915795	10.76083502079736	0	1029.1899923294307	24.414549958306612	47.80764401600987	3.8008980181525045	3706.6420690673417	12.650674536656668	0	1061.8185831295148	23.391686120795075	49.13892053672629	3.8571246411050213	3817.623487158332	9.847874227154849	0	847.3676538370275	21.391019861921002	39.338675134588335	3.158283185736588	3055.499015843495	11.083377640062574	0	869.4945701393581	23.34542227167392	40.08248464511462	3.452140851891522	3139.743698946366	14.860058040246045	0	196.5887935899978	7.433058529572696	9.001738318116287	.8511942872177243	712.2795962209317	13.489772636813154	0	985.2721962902318	27.151915153189673	46.58499565157992	3.490465051787889	3563.056975030564	9.502861541244606	0	26.368175075157584	59.60021557335749	42.42010516782722	3.9968014382944523	3103.8395589816196	9.223727820366431	.41799181547592795	1.12212	.6234000000000001	.77925	.3700700000000004	.12468	.6234000000000001	2.548000000000001	.03117
7.96	971.0015798631591	25.915139018588583	45.49713990033723	3.594730425394759	3508.6169802007666	10.76083502079736	0	1028.0979582229072	24.324228260009516	47.76211340926987	3.8113056481281777	3703.5292973896494	12.650674536656668	0	1060.6900980130604	23.305232441116928	49.09254182606858	3.867898533813616	3814.3726215434017	9.847874227154849	0	846.4705826985272	21.31033940509872	39.30129133689423	3.166853454154616	3052.918350800845	11.083677142241681	0	868.5710190777437	23.26184979417212	40.04462455110039	3.460876045698415	3137.0488521973966	14.860058040246045	0	196.3689725407267	7.41675457397284	8.993237565631173	.8530837550727802	711.6630153408564	13.489772636813154	0	984.2538497842146	27.042410027480866	46.53950341440322	3.5004597787026266	3560.2241416378292	9.502936132580027	0	26.342100069679503	59.56003522808988	42.405332241498996	4.0065287026469285	3102.706381257575	9.223727820366431	.41799181547592795	1.12212	.6234000000000001	.77925	.3700600000000004	.12468	.6234000000000001	2.547980000000001	.03117
7.98	969.9810176559582	25.816636290263784	45.45322695960234	3.604536108423929	3505.7429966355767	10.76083502079736	0	1027.0094082351904	24.233566113908527	47.716612180054064	3.8217003367208022	3700.421866228141	12.650674536656668	0	1059.564960102516	23.21848673118923	49.046189304375744	3.8786586188746246	3811.1275197476475	9.847874227154849	0	845.576360676932	21.229357937999445	39.263930726318556	3.1754129247142875	3050.342166370574	11.08397666060791	0	867.6504798506314	23.17785224972008	40.006784801206855	3.469599687445432	3134.358969271189	14.860058040246045	0	196.14996600822394	7.400150320694574	8.984741772615603	.854970473503821	711.0474770362471	13.489772636813154	0	983.2391952984832	26.932558782207945	46.49405322561053	3.5104434516538894	3557.395122887309	9.503010725086444	0	26.31608976252812	59.51991714632334	42.39053189275384	4.016252915351468	3101.5726443798253	9.223727820366431	.41799181547592795	1.12212	.6234000000000001	.77925	.3700500000000004	.12468	.6234000000000001	2.5479600000000007	.03117
8	968.9640615007506	25.717748370162855	45.40934814639074	3.6143302597804876	3502.8736013046428	10.76083502079736	0	1025.9243313981285	24.14257379994993	47.67114038199199	3.8320820973197534	3697.3197649327135	12.650674536656668	0	1058.4431630914344	23.131457198221355	48.999863053447655	3.889404914698814	3807.8881712609514	9.847874227154849	0	844.6849787963652	21.148084815046982	39.22659335833754	3.1839616076458133	3047.7704536605124	11.084276195162568	0	866.7329405333845	23.093441793404498	39.968965477008965	3.478311796525585	3131.674038176359	14.860058040246045	0	195.93177038167428	7.383251204856876	8.976250944316496	.8568544495893667	710.4329799619186	13.489772636813154	0	982.2282160027947	26.82237282132572	46.44864499878333	3.520416069986965	3554.5699202457013	9.503085318763887	0	26.290144142907707	59.4798619620953	42.375704189918814	4.025974062993884	3100.4383523314264	9.223727820366431	.41799181547592795	1.12212	.6234000000000001	.77925	.37004000000000037	.12468	.6234000000000001	2.547940000000001	.03117
8.02	967.9506945239206	25.618487455551918	45.36550346410328	3.6241128851653435	3500.0087846618617	10.76083502079736	0	1024.8427169194003	24.051261010568407	47.62569806804676	3.8424509432231546	3694.2229825259906	12.650674536656668	0	1057.3247008961014	23.044151488970574	48.95356315414873	3.9001374395364206	3804.654565349203	9.847874227154849	0	843.7964282806025	21.066528848980095	39.1892792878738	3.192499513006384	3045.203203516778	11.084575745906971	0	865.8183894385083	23.008629998465594	39.93116665913165	3.4870123923200054	3128.9940466770413	14.860058040246045	0	195.71438198356142	7.3660625744376675	8.967765085832106	.8587356901712586	709.8195226328972	13.489772636813154	0	981.2208955134074	26.71186271425349	46.40327864810833	3.530377633087867	3551.748534722326	9.50315991361238	0	26.26426319414184	59.43987026854428	42.36084920128842	4.035692132196819	3099.3035090332487	9.223727820366431	.41799181547592795	1.12212	.6234000000000001	.77925	.37003000000000036	.12468	.6234000000000001	2.547920000000001	.03117
8.04	966.9409000517084	25.518865066433513	45.32169291597825	3.633883990280123	3497.1485367101127	10.76083502079736	0	1023.7645541990703	23.959636841210553	47.5802852905234	3.8528068876384833	3691.1315077096474	12.650674536656668	0	1056.2095676710933	22.956576681693065	48.90728968640204	3.9108562114783254	3801.4266910637934	9.847874227154849	0	842.9107005672342	20.984698302140067	39.15198856930421	3.2010266506795078	3042.6404065287165	11.084875312842431	0	864.9068151336611	22.92342784523883	39.89338842725327	3.495701494201216	3126.318982300338	14.860058040246045	0	195.49779707248484	7.348589686342486	8.959284202085888	.860614201865869	709.2071034225738	13.489772636813154	0	980.2172179189741	26.60103818216121	46.35795408836885	3.540328140382188	3548.930966882306	9.503234509631955	0	26.238446894054693	59.39994261647631	42.3459669951233	4.045407109619566	3098.168118343092	9.223727820366431	.41799181547592795	1.12212	.6234000000000001	.77925	.3700200000000004	.12468	.6234000000000001	2.5479000000000007	.03117
8.06	965.9346614417054	25.41889236300921	45.27791650485028	3.6436435808298917	3494.2928471903547	10.76083502079736	0	1022.6898325851578	23.867710118174124	47.53490210105196	3.8631499436910732	3688.0453289459238	12.650674536656668	0	1055.0977574700566	22.86873964903648	48.8610427293653	3.921561248478449	3798.2045372258312	9.847874227154849	0	842.0277870788369	20.902601182253882	39.11472125636974	3.2095430304753587	3040.082053091273	11.085174895970262	0	863.998206255577	22.83784599114228	39.85563086019149	3.504379121437398	3123.6488324063025	14.860058040246045	0	195.28201187161264	7.330837730365543	8.950808298247273	.8624899910016091	708.5957206299495	13.489772636813154	0	979.2171673925417	26.48990857742959	46.31267123497381	3.550267591345153	3546.1172169346423	9.503309106822636	0	26.212695214911907	59.360079539858106	42.331057639656734	4.0551189819570235	3097.032184080737	9.223727820366431	.41799181547592795	1.12212	.6234000000000001	.77925	.3700100000000004	.12468	.6234000000000001	2.5478800000000006	.03117
8.08	964.931788890999	25.318884056526734	45.234173990430115	3.653391665315271	3491.4418766057224	10.76083502079736	0	1021.61830061635	23.7758005825235	47.48954852737985	3.8734801317045897	3684.964503826601	12.650674536656668	0	1053.9889369555071	22.78098926516808	48.814822529273876	3.9322525879260857	3794.9880691194785	9.847874227154849	0	841.1474550649257	20.82052614864871	39.07747731181772	3.2180487553118304	3037.5281863970968	11.085474495291775	0	863.0923632461058	22.752154040625683	39.81789411191192	3.513045201842746	3120.9836418875766	14.860058040246045	0	195.06704622234005	7.3128375576068825	8.942337791984917	.8643629956353795	707.9854362208414	13.489772636813154	0	978.22034637472	26.378937851565567	46.267430038691934	3.560195995830699	3543.3073538336866	9.503383705184453	0	26.187007717469644	59.320306395901774	42.316121210195334	4.064827735139919	3095.8957339618687	9.223727820366431	.41799181547592795	1.12212	.6234000000000001	.77925	.3700000000000004	.12468	.6234000000000001	2.547860000000001	.03117
8.1	963.9324021545219	25.218611435005997	45.19046556579283	3.6631282472502895	3488.5954796311858	10.76083502079736	0	1020.5501370193261	23.683671656914406	47.44422463807763	3.883797458914333	3681.888965781721	12.650674536656668	0	1052.8833575395147	22.693062723517414	48.768629031679055	3.942930232106803	3791.777293478163	9.847874227154849	0	840.2698723319916	20.73825965888959	39.04025685923764	3.2265437615380717	3034.9787547785604	11.085774110808282	0	862.1894230683454	22.666157978170986	39.78017819972277	3.521699826360123	3118.3233524021107	14.860058040246045	0	194.85287767770467	7.294573966462996	8.933872364513707	.8662332750493773	707.3761981889548	13.489772636813154	0	977.2270397065538	26.26777661337144	46.222230388823014	3.5701133452823957	3540.5013227593095	9.50345830471743	0	26.161384683709485	59.28060413609023	42.30115776932637	4.074533356562927	3094.7587528964154	9.223727820366431	.41799181547592795	1.12212	.6234000000000001	.77925	.3699900000000004	.12468	.6234000000000001	2.5478400000000008	.03117
8.12	962.9364814393263	25.11809040311354	45.14679122798519	3.6728533324026533	3485.753648561835	10.76083502079736	0	1019.485326414604	23.591337340079868	47.39893048234985	3.8941019383440736	3678.8187039387067	12.650674536656668	0	1051.781006716991	22.604972870134926	48.72246231666319	3.9535941989503525	3788.572198036805	9.847874227154849	0	839.3950259938945	20.655814353964498	39.00305994875688	3.2350280605478874	3032.433749104924	11.0860737425211	0	861.2893710219028	22.57987245580339	39.74248320135476	3.530343012192235	3115.6679519726554	14.860058040246045	0	194.6395028302769	7.276052420979735	8.925412029581908	.8681008334563779	706.7680058355709	13.489772636813154	0	976.2372245623902	26.15644185261964	46.17707220327506	3.580019639517892	3537.69912427147	9.503532905421599	0	26.135826063626986	59.24097371716365	42.28616738533137	4.084235833011185	3093.6212450490557	9.223727820366431	.41799181547592795	1.12212	.6234000000000001	.77925	.36998000000000036	.12468	.6234000000000001	2.5478200000000006	.03117
8.14	961.9440070108852	25.017336545404476	45.10315097366839	3.6825669265430854	3482.9163754950014	10.76083502079736	0	1018.423853367493	23.49881141337166	47.35366610875257	3.9043935829399685	3675.7537072308305	12.650674536656668	0	1050.6818718498373	22.516732411879268	48.67632246356802	3.964244506259873	3785.3727703312943	9.847874227154849	0	838.5229031415292	20.57320266634584	38.96588662987227	3.2435016636859566	3029.8931600860715	11.08637339043154	0	860.392192493249	22.493311833111978	39.70480919371369	3.538974776424246	3113.0174285013327	14.860058040246045	0	194.42691825527857	7.257278309781359	8.916956801198063	.8699656748064412	706.1608583985598	13.489772636813154	0	975.250878194514	26.044950266545506	46.13195540055718	3.589914878402869	3534.9007586466482	9.503607507296985	0	26.110331803067282	59.201416080447	42.271150126461606	4.093935151304494	3092.483214549783	9.223727820366431	.41799181547592795	1.12212	.6234000000000001	.77925	.36997000000000035	.12468	.6234000000000001	2.547800000000001	.03117
8.16	960.9549592064141	24.91636512474724	45.059544799131714	3.6922690354451078	3480.08365233983	10.76083502079736	0	1017.3657023964136	23.406107441929503	47.30843156520091	3.9146724055714186	3672.693964405916	12.650674536656668	0	1049.5859401713076	22.42835392007528	48.63020955099456	3.9748811717137356	3782.178997707189	9.847874227154849	0	837.6534908493187	20.490436820887926	38.92873695145482	3.2519645822503596	3027.3569782792642	11.086673054540913	0	859.4978729672891	22.40649017506124	39.66715625288651	3.5475951360239275	3110.3717697790566	14.860058040246045	0	194.21512051420862	7.2382569430195	8.908506693618968	.8718278027957937	705.5547550527153	13.489772636813154	0	974.2679779459796	25.933318261698084	46.08687989977219	3.599799061850245	3532.106225893397	9.503682110343616	0	26.084901844092524	59.16193215126631	42.25610606093709	4.103631298297113	3091.3446654938325	9.223727820366431	.41799181547592795	1.12212	.6234000000000001	.77925	.36996000000000034	.12468	.6234000000000001	2.547780000000001	.03117
8.18	959.9693184481897	24.815191080748317	45.01597270030625	3.701959664884838	3477.255470826849	10.76083502079736	0	1016.3108579812136	23.31323877585027	47.26322689897651	3.924938419031932	3669.6394640350313	12.650674536656668	0	1048.4931987903694	22.339849834171872	48.58412365680286	3.985504212867396	3778.9908673284062	9.847874227154849	0	836.7867761817064	20.407528835724396	38.89161096175442	3.260416827495108	3024.8251940958885	11.086972734850539	0	858.6063980389316	22.31942124980256	39.629524454147315	3.556204107841823	3107.7309634949565	14.860058040246045	0	194.00410615846909	7.218993549322107	8.900061721337648	.8736872208757139	704.9496949100871	13.489772636813154	0	973.2885012634415	25.82156195579079	46.04184562060911	3.6096721898193915	3529.315525767886	9.50375671456152	0	26.059536125349243	59.122522838364944	42.24103525694559	4.1133242608775555	3090.2056019416077	9.223727820366431	.41799181547592795	1.12212	.6234000000000001	.77925	.3699500000000004	.12468	.6234000000000001	2.5477600000000007	.03117
8.2	958.9870652568713	24.713829028177	44.97243467277857	3.711638820640773	3474.4318225175393	10.76083502079736	0	1015.2593045714874	23.2202185513572	47.21805215673505	3.935191636039976	3666.5901945211917	12.650674536656668	0	1047.4036346960677	22.251232465399973	48.538064858111916	3.9961136471552368	3775.808366185918	9.847874227154849	0	835.922746199649	20.32449052316571	38.85450870840463	3.2688584106326735	3022.2977978082095	11.087272431361725	0	857.7177534246578	22.23211852648574	39.591913871963506	3.5648017086113986	3105.0949972457993	14.860058040246045	0	193.79387173299114	7.199493272742418	8.89162189907135	.8755439322614151	704.3456770203145	13.489772636813154	0	972.312425709987	25.709697179552233	45.99685248333577	3.6195342623153364	3526.5286577894503	9.503831319950725	0	26.03423458243578	59.08318903331977	42.22593778264163	4.123014025968381	3089.0660279186104	9.223727820366431	.41799181547592795	1.12212	.6234000000000001	.77925	.3699400000000004	.12468	.6234000000000001	2.5477400000000006	.03117
8.22	958.0081802648209	24.612293255390146	44.92893071180445	3.721306508493579	3471.612698813908	10.76083502079736	0	1014.2110265948928	23.12705969196911	47.172907384513714	3.945432069239839	3663.546144108054	12.650674536656668	0	1046.3172347618847	22.162514000430455	48.49203323129943	4.006709491892418	3772.631481106449	9.847874227154849	0	835.0613879671101	20.241333490596578	38.817430238427434	3.2772893428365126	3019.774779556122	11.08757214407579	0	856.8319249740921	22.14459517307052	39.5543245800018	3.5733879549492005	3102.4638585454104	14.860058040246045	0	193.58441377986077	7.179761169707911	8.883187241749503	.8773979399409292	703.7427003709595	13.489772636813154	0	971.3397289779665	25.597739478576905	45.95190040879135	3.6293852793879764	3523.745621256139	9.503905926511257	0	26.008997148269682	59.04393160995747	42.21081370614551	4.132700580525994	3087.9259474153655	9.223727820366431	.41799181547592795	1.12212	.6234000000000001	.77925	.36993000000000037	.12468	.6234000000000001	2.547720000000001	.03117
8.24	957.0326442294232	24.51059772275695	44.88546081232257	3.7309627342258778	3468.7980909680577	10.76083502079736	0	1013.1660084654704	23.033774909669624	47.127792627738785	3.9556597312024846	3660.507300888617	12.650674536656668	0	1045.2339857501054	22.073706505032092	48.446028852001724	4.017291764276721	3769.4601987611677	9.847874227154849	0	834.2026885575522	20.158069141373446	38.78037559823796	3.285709635243594	3017.2561293539034	11.087871872994043	0	855.9488986815716	22.056864054138117	39.51675665113433	3.581962863355009	3099.8375348340983	14.860058040246045	0	193.3757288419449	7.159802205969269	8.874757764501716	.87924924668399	703.1407638878403	13.489772636813154	0	970.3703889018261	25.485704115176	45.90698931837896	3.639225241131282	3520.9664152602645	9.503980534243144	0	25.983823753455106	59.00475142377079	42.19566309554229	4.142383911540437	3086.7853643873527	9.223727820366431	.41799181547592795	1.12212	.6234000000000001	.77925	.36992000000000036	.12468	.6234000000000001	2.5477000000000007	.03117
8.26	956.0604380464064	24.40875606108364	44.84202496896822	3.7406075036220385	3465.987990091756	10.76083502079736	0	1012.1242345919601	22.940376706076353	47.08270793123305	3.965874634426414	3657.473652813919	12.650674536656668	0	1044.1538743161764	21.98482192772945	48.4000517951135	4.027860481390398	3766.294505674384	9.847874227154849	0	833.3466350604293	20.074708675721922	38.743344833649225	3.2941192989569315	3014.7418370969613	11.088171618117803	0	855.0686606977156	21.968937728702688	39.479210157444676	3.590526450211999	3097.2160134880746	14.860058040246045	0	193.1678134665172	7.1396212535493335	8.866333482645743	.8810978550509175	702.5398664353646	13.489772636813154	0	969.404383470938	25.373606070228075	45.86211913405816	3.6490541476825116	3518.191038703946	9.504055143146415	0	25.958714326650217	58.96564931133475	42.180486018880835	4.152064006035181	3085.6442827549317	9.223727820366431	.41799181547592795	1.12212	.6234000000000001	.77925	.36991000000000035	.12468	.6234000000000001	2.5476800000000006	.03117
8.28	955.0915427631617	24.30678157003827	44.79862317608695	3.7502408224679655	3463.1823871660085	10.76083502079736	0	1011.0856893861198	22.846877373610138	47.03765333922337	3.97607679133852	3654.4451877017345	12.650674536656668	0	1043.07688701307	21.89587210346082	48.3541021347877	4.038415660202019	3763.1343882322417	9.847874227154849	0	832.4932145876808	19.991263091634266	38.70633798987688	3.3025183450481066	3012.231892568588	11.088471379448382	0	854.1911973409954	21.880828448022893	39.44168517023397	3.599078731786892	3094.5992818288782	14.860058040246045	0	192.960664208884	7.119223087692062	8.857914411675472	.8829437674015017	701.9400068168625	13.489772636813154	0	968.4416908424325	25.26146004502986	45.81728977833755	3.658871999221416	3515.4194903146613	9.504129753221097	0	25.9336687949346	58.92662608972292	42.16528254417279	4.161740851066931	3084.50270640327	9.223727820366431	.41799181547592795	1.12212	.6234000000000001	.77925	.3699000000000004	.12468	.6234000000000001	2.547660000000001	.03117
8.3	954.1259395920647	24.20468721657545	44.75525542774833	3.759862696550885	3460.3812730506274	10.76083502079736	0	1010.0503572710436	22.753288996664217	46.99262889534813	3.9862662142949485	3651.421893245273	12.650674536656668	0	1042.0030102956466	21.80686875723618	48.30817994443539	4.048957317568318	3759.979832691416	9.847874227154849	0	831.6424142802234	19.90774318576681	38.66935511154397	3.3109067845598	3009.7262854467112	11.088771156987095	0	853.3164951093039	21.792548153413374	39.40418176002692	3.6076197242301147	3091.9873271327956	14.860058040246045	0	192.75427763601022	7.098612383811493	8.849500567248896	.8847869859038856	701.3411837749201	13.489772636813154	0	967.4822893540297	25.149280463146972	45.77250117426731	3.6686787959694507	3512.6517686607917	9.504204364467217	0	25.908687084176655	58.88768255592366	42.150052739391604	4.171414433725407	3083.360639182272	9.223727820366431	.41799181547592795	1.12212	.6234000000000001	.77925	.3698900000000004	.12468	.6234000000000001	2.547640000000001	.03117
8.32	953.1636099237949	24.102485633361127	44.71192171775964	3.7694731316591334	3457.584638493804	10.76083502079736	0	1009.0182226894791	22.659623452773516	46.94763464266481	3.996442915581951	3648.403757021879	12.650674536656668	0	1040.932230525016	21.717823507795117	48.262285296725494	4.059485470236039	3756.8308251878084	9.847874227154849	0	830.7942213144445	19.824159554337466	38.63239624268567	3.3192846285083153	3007.225005310646	11.089070950735255	0	852.4445406915258	21.704108474056312	39.36669999657795	3.616149443575953	3089.380136640286	14.860058040246045	0	192.54865033014528	7.077793714440702	8.841091965176101	.8866275125434491	700.7433959917129	13.489772636813154	0	966.5261575368704	25.037081472264706	45.727753245431785	3.6784745381889814	3509.887872167173	9.504278976884802	0	25.883769119401013	58.84881948625637	42.13479667247154	4.18108474113315	3082.2180849065057	9.223727820366431	.41799181547592795	1.12212	.6234000000000001	.77925	.3698800000000004	.12468	.6234000000000001	2.5476200000000007	.03117
8.34	952.2045353406563	24.000189117197284	44.66862203967952	3.7790721335819493	3454.7924741416787	10.76083502079736	0	1007.989270112146	22.565892413783768	46.902670623657414	4.006606907416749	3645.3907665017264	12.650674536656668	0	1039.8645339728998	21.628747871264714	48.21641826358472	4.070000134843787	3753.6873517452386	9.847874227154849	0	829.9486229086943	19.740522594023137	38.59546142675403	3.327651887886112	3004.728041647844	11.08937076069418	0	851.5753209791066	21.6155207248129	39.32923994887718	3.624667905742709	3086.777697565399	14.860058040246045	0	192.34377889244905	7.056771546180758	8.832688621407243	.8884653491316927	700.1466420893387	13.489772636813154	0	965.573274128348	24.924876946038722	45.68304591594201	3.6882592261824954	3507.1277991306406	9.504353590473881	0	25.85891482515592	58.81003763578772	42.119514411306646	4.190751760445309	3081.075047355132	9.223727820366431	.41799181547592795	1.12212	.6234000000000001	.77925	.36987000000000037	.12468	.6234000000000001	2.547600000000001	.03117
8.36	951.2486976298977	23.897809627446733	44.625356386831726	3.788659708109259	3452.0047705479105	10.76083502079736	0	1006.9634840460534	22.47210734702078	46.85773688024402	4.016758201948388	3642.3829090565187	12.650674536656668	0	1038.7999068259937	21.53965326481753	48.17057891619735	4.080501327923872	3750.549398284142	9.847874227154849	0	829.1056063297794	19.656842502857184	38.5585507066227	3.336008573664329	3002.2353838606464	11.089670586865182	0	850.7088230776227	21.52679590403488	39.29180168515656	3.6331751265328585	3084.179997105203	14.860058040246045	0	192.13965994661766	7.035550236649684	8.82429055202052	.8903004973151218	699.550920630151	13.489772636813154	0	964.6236180849394	24.812680485945833	45.638379110428296	3.6980328602918116	3504.3715477355768	9.50442820523448	0	25.834124125880663	58.77133773774795	42.10420602374984	4.200415478849444	3079.93153027183	9.223727820366431	.41799181547592795	1.12212	.6234000000000001	.77925	.36986000000000036	.12468	.6234000000000001	2.547580000000001	.03117
8.38	950.2960787970329	23.79535878445784	44.5821247523188	3.798235861031466	3449.2215181832494	10.76083502079736	0	1005.9408490428183	22.378279516459635	46.812833453784265	4.026896811258597	3639.380171968187	12.650674536656668	0	1037.7383351903304	21.450551010329505	48.124767325005074	4.090989065904157	3747.416950630265	9.847874227154849	0	828.2651588994552	19.573129281126903	38.5216641245917	3.3443546967953157	2999.747021273036	11.089970429249579	0	849.845034318351	21.437944691376053	39.25438527289589	3.6416711216332045	3081.5870224492014	14.860058040246045	0	191.93629014250945	7.014134031431413	8.815897773210159	.8921329585841297	698.9562301170927	13.489772636813154	0	963.6771685950372	24.70050542313473	45.59375275403277	3.707795440897287	3501.6191160694616	9.50450282116663	0	25.809396946272948	58.73272050294703	42.08887157761183	4.210075883565313	3078.7875373647285	9.223727820366431	.41799181547592795	1.12212	.6234000000000001	.77925	.36985000000000035	.12468	.6234000000000001	2.5475600000000007	.03117
8.4	949.3466610791612	23.692847867989304	44.53892712903579	3.807800598139238	3446.442707445107	10.76083502079736	0	1004.9213497069835	22.28441998389391	46.76796038508689	4.037022747362642	3636.3825424375873	12.650674536656668	0	1036.6798050956406	21.36145233803791	48.07898355970684	4.101463365109903	3744.289994523358	9.847874227154849	0	827.4272680009186	19.489392732270986	38.48480172239219	3.3526902682151563	2997.262943137387	11.090270287848682	0	848.983942269839	21.34897744560381	39.21699077882894	3.650155906615034	3078.99876078876	14.860058040246045	0	191.73366615977102	6.992527061024758	8.807510301274396	.8939627342818808	698.3625689940286	13.489772636813154	0	962.7339050917808	24.58836482027677	45.54916677240196	3.7175469684170244	3498.8705021384185	9.504577438270355	0	25.78473321165633	58.694186619191015	42.0735111406602	4.219732961844669	3077.643072306329	9.223727820366431	.41799181547592795	1.12212	.6234000000000001	.77925	.3698400000000004	.12468	.6234000000000001	2.5475400000000006	.03117
8.42	948.4004269582875	23.590287815634877	44.49576350968391	3.8173539252232973	3443.668328667125	10.76083502079736	0	1003.9049707043354	22.19053961010486	46.72311771441715	4.047136022210192	3633.3900075931997	12.650674536656668	0	1035.6243024997164	21.27236839019925	48.03322768925868	4.111924241765621	3741.1685156258714	9.847874227154849	0	826.5919210853012	19.405642463776935	38.44796354119114	3.3610152988462008	2994.783138641218	11.09057016266381	0	848.1255347494738	21.259904202410624	39.17961826894946	3.658629496934275	3076.4151993265255	14.860058040246045	0	191.5317847114629	6.970733337792353	8.799128152603451	.8957898256131955	697.7699356460796	13.489772636813154	0	961.7938072658878	24.476271473416674	45.50462109167931	3.7272874433060865	3496.1257038827616	9.504652056545684	0	25.760132848347602	58.65573675069819	42.05812478061836	4.229386700971058	3076.498138733439	9.223727820366431	.41799181547592795	1.12212	.6234000000000001	.77925	.3698300000000004	.12468	.6234000000000001	2.547520000000001	.03117
8.44	947.4573591746429	23.487689221248118	44.4526338867843	3.8268958480742103	3440.8983721287495	10.76083502079736	0	1002.8916967702215	22.09664905603066	46.67830548150442	4.05723664768617	3630.4025544998244	12.650674536656668	0	1034.5718132927718	21.18331022474721	47.98749978187354	4.122371711996915	3738.052499531651	9.847874227154849	0	825.7591056781622	19.321887888078567	38.411149621596145	3.369329799599592	2992.307596913941	11.090870053696275	0	847.2697998350523	21.170734672225574	39.14226780851729	3.6670919079316526	3073.836325285849	14.860058040246045	0	191.33064254768564	6.948756752909625	8.790751343667509	.8976142336534332	697.1783283999549	13.489772636813154	0	960.8568550784855	24.364237913823292	45.46011563849778	3.7370168660557	3493.3847191925456	9.504726675992643	0	25.73559578402419	58.61737153751539	42.042712565164564	4.239037088259609	3075.352740247095	9.223727820366431	.41799181547592795	1.12212	.6234000000000001	.77925	.36982000000000037	.12468	.6234000000000001	2.5475000000000008	.03117
8.46	946.5173496050658	23.385095446186444	44.40953822107566	3.8364263618235537	3438.1327764039834	10.76083502079736	0	1001.8815300203231	22.002705390650362	46.63352369064801	4.067324637123348	3627.4201374346226	12.650674536656668	0	1033.5224364134351	21.094153473720755	47.94179988534984	4.132805795879499	3734.9419091521345	9.847874227154849	0	824.9288121022652	19.238105299781	38.3743599690393	3.377633785731076	2989.8362797520226	11.091169960947397	0	846.4166027035698	21.081532629303258	39.10493950660126	3.675543109881137	3071.262055416702	14.860058040246045	0	191.13020473219845	6.9266439017188	8.782379693160513	.8994361030779432	696.5877540344466	13.489772636813154	0	959.9230099569538	24.25219763810545	45.415650370448866	3.7467352366305673	3490.647445131687	9.504801296611262	0	25.71111839954977	58.57909610198574	42.02727456658182	4.248684111311259	3074.206880839825	9.223727820366431	.41799181547592795	1.12212	.6234000000000001	.77925	.36981000000000036	.12468	.6234000000000001	2.5474800000000006	.03117
8.48	945.5804470722717	23.282492583961954	44.36647652749191	3.8459454799244943	3435.3715688367447	10.76083502079736	0	1000.8744429135916	21.908757268525186	46.58877240562225	4.077400001192797	3624.442766895932	12.650674536656668	0	1032.4760763025306	21.005006350676748	47.896128080557524	4.143226506436789	3731.836746235631	9.847874227154849	0	824.1010260984922	19.154327396041708	38.337594647916	3.3859272650069494	2987.3691958043996	11.091469884418487	0	845.5660205496495	20.992268019622028	39.06763339498955	3.6839831502138147	3068.6924277041735	14.860058040246045	0	190.93049091179526	6.904367630220865	8.774013359926597	.9012553313946465	695.9982046416319	13.489772636813154	0	958.9922659711593	24.14021929045345	45.371225193209604	3.756442555995879	3487.9139520054523	9.504875918401568	0	25.68670317782879	58.54090779348933	42.01181084911117	4.2583277573207585	3073.06056373366	9.223727820366431	.41799181547592795	1.12212	.6234000000000001	.77925	.36980000000000035	.12468	.6234000000000001	2.547460000000001	.03117
8.5	944.6466374475441	23.179889360633513	44.32344879888579	3.855453208432099	3432.6147408917404	10.76083502079736	0	999.8704200117706	21.814816091786177	46.544051665465524	4.087462751552597	3621.4704306273316	12.650674536656668	0	1031.4327158483088	20.915883063306374	47.85048443397068	4.153633859407662	3728.736996787425	9.847874227154849	0	823.275735386791	19.070563831916086	38.3008536980489	3.39421024821116	2984.9063347481424	11.091769824110864	0	844.7180453784591	20.902948206054212	39.03034953566414	3.6924120450485827	3066.127431251364	14.860058040246045	0	190.73149876195856	6.88193037791583	8.765652365545654	.9030719157538368	695.4096781624121	13.489772636813154	0	958.0646044404753	24.028316586546307	45.32684003407552	3.76613882476065	3485.1842401640606	9.504950541363588	0	25.662350141463797	58.50280706347474	41.9963214801733	4.2679680136904095	3071.913792411223	9.223727820366431	.41799181547592795	1.12212	.6234000000000001	.77925	.36979000000000034	.12468	.6234000000000001	2.547440000000001	.03117
8.52	943.7159022253437	23.077295855669092	44.280455026358275	3.8649495528521074	3429.8622813601346	10.76083502079736	0	998.869446869542	21.720890320642987	46.49936150691488	4.097512899877286	3618.5031146596207	12.650674536656668	0	1030.3923437077865	20.826790786932563	47.804869010307655	4.164027870647677	3725.642645615189	9.847874227154849	0	822.4529279272442	18.986822377275814	38.26413715693916	3.402482746350507	2982.447684825753	11.092069780025843	0	843.8726631653755	20.813583015550506	38.993087992188514	3.7008298080772692	3063.5670515927986	14.860058040246045	0	190.53322437755557	6.85933665416957	8.757296721451594	.904885860605418	694.8221729184057	13.489772636813154	0	957.1400060379926	23.916498932370335	45.28249482236975	3.77582404353799	3482.458304784566	9.505025165497349	0	25.63805913333701	58.464794568744075	41.98080652737908	4.277604867866364	3070.766570341063	9.223727820366431	.41799181547592795	1.12212	.6234000000000001	.77925	.3697800000000004	.12468	.6234000000000001	2.5474200000000007	.03117
8.54	942.7882230896341	22.974721846088872	44.237495200851754	3.8744345186732194	3427.114178950036	10.76083502079736	0	997.871509178431	21.626988142025496	46.454701966157096	4.107550457783189	3615.540804954806	12.650674536656668	0	1029.3549486601732	20.73773642987333	47.7592818735137	4.1744085559287365	3722.5536774678726	9.847874227154849	0	821.6325917908592	18.903110562538384	38.227445061500894	3.4107447704396883	2979.993234214874	11.092369752164743	0	843.0298600211363	20.724182019620443	38.955848827488694	3.709236452810531	3061.011274226128	14.860058040246045	0	190.33566386151222	6.836590895500684	8.748946438804415	.9066971705276593	694.2356871871231	13.489772636813154	0	956.2184517434287	23.804775361422955	45.23818948791291	3.785498212972385	3479.7361409218365	9.50509979080288	0	25.61382999425913	58.426870945701644	41.965266058296145	4.28723830732571	3069.618900956234	9.223727820366431	.41799181547592795	1.12212	.6234000000000001	.77925	.3697700000000004	.12468	.6234000000000001	2.5474000000000006	.03117
8.56	941.8635819239056	22.872176806087595	44.19456931316265	3.883908111366496	3424.370422294202	10.76083502079736	0	996.8765927757499	21.533117468821878	46.41007307883497	4.117575436829339	3612.5834874136153	12.650674536656668	0	1028.3205196153226	20.648726632204554	47.71372308676004	4.184775930941073	3719.4700770435797	9.847874227154849	0	820.8147151661594	18.819435678373765	38.190777448064594	3.4189963315039797	2977.5429710340554	11.092669740528875	0	842.1896221989554	20.6347545341111	38.918632103860915	3.717631992576385	3058.4600846190024	14.860058040246045	0	190.1388133272915	6.8136974640784675	8.740601528471025	.9085058502412777	693.6502192026076	13.489772636813154	0	955.2999228552771	23.693154533714445	45.193923961016885	3.7951613337388856	3477.0177435204573	9.505174417280209	0	25.58966256320842	58.3890368099332	41.949700140448144	4.29686831957628	3068.4707876542375	9.223727820366431	.41799181547592795	1.12212	.6234000000000001	.77925	.36976000000000037	.12468	.6234000000000001	2.547380000000001	.03117
8.58	940.9419608212003	22.769669906656986	44.151677353953936	3.8933703363847605	3421.6309999577393	10.76083502079736	0	995.8846836535427	21.439285939116726	46.365474880053576	4.12758784851838	3609.631147883012	12.650674536656668	0	1027.2890456221862	20.55976776452276	47.66819271244306	4.195130011295243	3716.391828997447	9.847874227154849	0	819.9992863657751	18.735804775411097	38.154134352380666	3.427237440581924	2975.0968833485176	11.092969745119559	0	841.3519361016374	20.545309618985893	38.88143788297935	3.7260164405187357	3055.913468215943	14.860058040246045	0	189.9426689013719	6.790660646220892	8.732262001006069	.9103119046235189	693.0657671560766	13.489772636813154	0	954.38440100296	23.58164473476968	45.14969817247841	3.8048134065422943	3474.3031074266346	9.50524904492936	0	25.565556677569763	58.351292755785266	41.93410884131385	4.306494892156446	3067.3222337969664	9.223727820366431	.41799181547592795	1.12212	.6234000000000001	.77925	.36975000000000036	.12468	.6234000000000001	2.5473600000000007	.03117
8.6	940.023342094135	22.667210015208077	44.108819313767675	3.902821199162006	3418.8959004458084	10.76083502079736	0	994.8957679675273	21.345500915429085	46.32090740438643	4.137587704297487	3606.68377216371	12.650674536656668	0	1026.260515877267	20.470865926707834	47.622690812183365	4.205470812524128	3713.3189179495184	9.847874227154849	0	819.1862938330341	18.652224663945333	38.117515809622894	3.435468108728018	2972.6549591759176	11.093269765938109	0	840.5167882886925	20.455856078103253	38.84426622590371	3.734389809595908	3053.371410445214	14.860058040246045	0	189.74722672572565	6.767484650892575	8.723927866632746	.9121153387222396	692.4823291965628	13.489772636813154	0	953.4718681589777	23.47025387462982	45.10551205357274	3.814454432116358	3471.592227400094	9.505323673750366	0	25.5415121733737	58.31363935594429	41.91849222832638	4.316118012634936	3066.1732427106485	9.223727820366431	.41799181547592795	1.12212	.6234000000000001	.77925	.36974000000000035	.12468	.6234000000000001	2.5473400000000006	.03117
8.62	939.1077082849266	22.5648056951936	44.065995183037614	3.9122607051127947	3416.1651122113226	10.76083502079736	0	993.9098320460407	21.251769483950568	46.27637068588182	4.147575015559276	3603.7413460176854	12.650674536656668	0	1025.234919733072	20.382026946685826	47.57721744682494	4.21579835008492	3710.2513284926217	9.847874227154849	0	818.3757261485541	18.568701913643945	38.08092185439195	3.4436883470153927	2970.217186492112	11.093569802985845	0	839.6841654834509	20.3664024589954	38.80711719308699	3.742752112579177	3050.8338967256973	14.860058040246045	0	189.55248296029748	6.744173608202762	8.71559913522364	.9139161577699897	691.8999034315547	13.489772636813154	0	952.5623066510602	23.358989486854085	45.06136553604734	3.824084411222953	3468.885098125988	9.50539830374325	0	25.517528885535512	58.27607716101599	41.90285036887235	4.325737668610624	3065.023817685789	9.223727820366431	.41799181547592795	1.12212	.6234000000000001	.77925	.3697300000000004	.12468	.6234000000000001	2.547320000000001	.03117
8.64	938.1950421754151	22.46246520573035	44.023204952101715	3.9216888596316632	3413.4386236626533	10.76083502079736	0	992.926862398982	21.158098453783413	46.23186475806899	4.157549793642719	3600.803855175693	12.650674536656668	0	1024.212246706567	20.293256379191703	47.53177267643425	4.22611263936112	3707.1890452002467	9.847874227154849	0	817.567572036832	18.485242853253563	38.04435252071889	3.4518981665385042	2967.7835532369227	11.093869856264083	0	838.8540545801783	20.276957052647067	38.76999084438311	3.7511033620512975	3048.3009124737605	14.860058040246045	0	189.35843378548262	6.7207315679033	8.707275816281538	.9157143671980931	691.3184879276381	13.489772636813154	0	951.6556991743182	23.24785872752146	45.017258552115514	3.833703344651277	3466.181714226793	9.505472934908042	0	25.49360664809427	58.23860669910459	41.88718333029106	4.335353847712346	3063.873961977114	9.223727820366431	.41799181547592795	1.12212	.6234000000000001	.77925	.3697200000000004	.12468	.6234000000000001	2.547300000000001	.03117
8.66	937.2853267970888	22.36019650122162	43.980448611214726	3.931105668092522	3410.716423171332	10.76083502079736	0	991.9468457267567	21.064494356178617	46.18738965396439	4.167512049834048	3597.871285344781	12.650674536656668	0	1023.1924864876271	20.204559504532124	47.4863565602994	4.236413695664527	3704.132052634422	9.847874227154849	0	816.7618203728365	18.401853570306706	38.00780784206863	3.4600975784158132	2965.3540473199027	11.094169925774139	0	838.0264426511901	20.187527893274275	38.73288723905461	3.759443570405033	3045.7724431101337	14.860058040246045	0	189.16507540460555	6.69716249788662	8.698957918920255	.9175099726507295	690.7380807111377	13.489772636813154	0	950.7520288033937	23.136868374232463	44.973191034450096	3.8433112332170323	3463.4820702742168	9.50554756724477	0	25.469745294451908	58.20122847539204	41.871491179873665	4.344966537598695	3062.723678803515	9.223727820366431	.41799181547592795	1.12212	.6234000000000001	.77925	.36971000000000037	.12468	.6234000000000001	2.5472800000000007	.03117
8.68	936.3785454411075	22.258007230979477	43.93772615056073	3.9405111358480633	3407.9984990797484	10.76083502079736	0	990.9697689292194	20.97096344377396	46.14294540607793	4.177461795367679	3594.9436222158015	12.650674536656668	0	1022.1756289474929	20.115941327348178	47.44096915692921	4.246701534237234	3701.0803353535903	9.847874227154849	0	815.9584601885982	18.318539910828388	37.97128785134344	3.4682865937924756	2962.9286566260976	11.094470011517329	0	837.2013169539666	20.09812275810301	38.69580643578034	3.76777274984169	3043.2484740667787	14.860058040246045	0	188.97240404639822	6.673470282683702	8.690645451845462	.9193029799990174	690.158679768757	13.489772636813154	0	949.8512790046107	23.02602482511083	44.929162916177084	3.8529080777616205	3460.786160801097	9.505622200753459	0	25.44594465761226	58.16394297171736	41.85577398486236	4.35457572595783	3061.572971347991	9.223727820366431	.41799181547592795	1.12212	.6234000000000001	.77925	.36970000000000036	.12468	.6234000000000001	2.547260000000001	.03117
8.7	935.4746816683272	22.155904738847212	43.89503756026567	3.949905268229161	3405.2848397088587	10.76083502079736	0	989.995619114619	20.87751168983212	46.098532046419216	4.187399041427118	3592.020851470928	12.650674536656668	0	1021.1616641472215	20.027406575378173	47.39561052405235	4.256976170253625	3698.0338779204862	9.847874227154849	0	815.1574806798011	18.235307479042845	37.93479258088646	3.4764652238430247	2960.5073690218132	11.094770113494974	0	836.3786649382677	20.008749167148014	38.65874849266309	3.7760909123696433	3040.7289907937634	14.860058040246045	0	188.78041596747846	6.649658721962061	8.682338423335507	.9210933953550945	689.58028304822	13.489772636813154	0	948.9534336481266	22.91533409780527	44.885174130869316	3.862493879151327	3458.0939803133056	9.50569683543414	0	25.422204570420124	58.12675064615579	41.84003181244954	4.364181400507281	3060.42184275759	9.223727820366431	.41799181547592795	1.12212	.6234000000000001	.77925	.36969000000000035	.12468	.6234000000000001	2.547240000000001	.03117
8.72	934.5737193193241	22.05389606282167	43.85238283040998	3.9592880705442752	3402.575433365884	10.76083502079736	0	989.0243836085411	20.784144787478745	46.054149606503785	4.197323799145876	3589.102958791169	12.650674536656668	0	1020.1505823461409	19.93895969822038	47.35028071861651	4.267237618822364	3694.992664910013	9.847874227154849	0	814.3588712123735	18.152161637080177	37.89832206248516	3.484633479774058	2958.0901723603783	11.095070231708387	0	835.5584742532471	19.919414382991494	38.62171346723732	3.784398069802871	3038.213978766132	14.860058040246045	0	188.58910745482848	6.625731529023715	8.674036841222234	.9228812250862004	689.0028884589129	13.489772636813154	0	948.0584770200826	22.80480182849119	44.84122461254013	3.872068638276513	3455.4055233016497	9.505771471286836	0	25.39852486580035	58.08965193259813	41.82426472977699	4.373783548993748	3059.2702961433574	9.223727820366431	.41799181547592795	1.12212	.6234000000000001	.77925	.36968000000000034	.12468	.6234000000000001	2.5472200000000007	.03117
8.74	933.6756425244189	21.95198793467568	43.809761951041075	3.968659548078852	3399.8702683520128	10.76083502079736	0	988.0560499628531	20.690868148940567	46.00979811735937	4.207236079608377	3586.1899298638814	12.650674536656668	0	1019.142374010303	19.850604866095836	47.30497979678745	4.277485894988384	3691.956680917119	9.847874227154849	0	813.5626213290791	18.06910750468305	37.86187632737485	3.4927913728269195	2955.677054487911	11.095370366158889	0	834.7407327545685	19.83012541056189	38.584701416476825	3.79269423375948	3035.7034234907796	14.860058040246045	0	188.39847482827324	6.601692329303174	8.665740712871814	.9246664758287574	688.4264938725239	13.489772636813154	0	947.1663938347551	22.694433270872462	44.79731429563703	3.8816323560507997	3452.7207842537764	9.50584610831158	0	25.37490537699687	58.052647240329975	41.80847280393506	4.383382159192907	3058.1183345802738	9.223727820366431	.41799181547592795	1.12212	.6234000000000001	.77925	.3696700000000004	.12468	.6234000000000001	2.5472000000000006	.03117
8.76	932.7804357137005	21.850186779580365	43.76717491218592	3.9780197060947304	3397.1693329701043	10.76083502079736	0	987.0906059646464	20.597686904783433	45.96547760953209	4.217135893850878	3583.2817503902843	12.650674536656668	0	1018.1370298209367	19.76234596861105	47.259707813948175	4.287721013734894	3688.9259105646734	9.847874227154849	0	812.7687207561081	17.986149958913344	37.82545540624219	3.5009389142803906	2953.2680032490816	11.095670516847797	0	833.9254285115188	19.740888996912577	38.54771239680239	3.800979415660239	3033.197310513322	14.860058040246045	0	188.20851444295886	6.577544658865403	8.657450045165566	.9264491545024532	687.851097123685	13.489772636813154	0	946.2771692467062	22.584233295183086	44.753443115035324	3.891185033410261	3450.039757666072	9.505920746508396	0	25.351345937811764	58.015736953610975	41.79265610196184	4.392977218909217	3056.9659611072016	9.223727820366431	.41799181547592795	1.12212	.6234000000000001	.77925	.3696600000000004	.12468	.6234000000000001	2.547180000000001	.03117
8.78	931.8880836270507	21.748498715727546	43.72462170386361	3.987368549829545	3394.4726155323906	10.76083502079736	0	986.1280396451817	20.504605903150434	45.92118811309275	4.227023252862376	3580.3784060929743	12.650674536656668	0	1017.134540682901	19.674186613520817	47.214464824698034	4.2979429899853585	3685.900338511345	9.847874227154849	0	811.9771594096683	17.903293633858848	37.78905932922864	3.5090761154533694	2950.8630064928793	11.095970683776429	0	833.1125498141238	19.651711631000634	38.510746464089486	3.8092536267271098	3030.6956254249703	14.860058040246045	0	188.01922269183098	6.553291962903804	8.649164844480781	.9282292683243224	687.2766960106135	13.489772636813154	0	945.3907888629346	22.474206387188982	44.709611006031814	3.90072667131261	3447.362438055566	9.505995385877313	0	25.327846382844324	57.97892143125408	41.77681469084232	4.402568715975721	3055.813178726826	9.223727820366431	.41799181547592795	1.12212	.6234000000000001	.77925	.36965000000000037	.12468	.6234000000000001	2.5471600000000008	.03117
8.8	930.998571324168	21.646929553952116	43.6821023160979	3.9967060844961266	3391.780104368177	10.76083502079736	0	985.1683392888315	20.41162970899995	45.87692965764303	4.236898167585524	3577.479882723439	12.650674536656668	0	1016.1348977331386	19.586130125490946	47.16925088285185	4.308151838605502	3682.879949459478	9.847874227154849	0	811.1879274025758	17.820542920339904	37.752688125933986	3.5172029877075612	2948.4620520783737	11.096270866946101	0	832.3020851802628	19.562599543465556	38.47380367367596	3.817516877981776	3028.198353869402	14.860058040246045	0	187.83059600811322	6.528937594238189	8.64088511667154	.930006824822828	686.7032882957517	13.489772636813154	0	944.5072387550267	22.36435664718968	44.665817904338425	3.9102572707363903	3444.6888199718346	9.506070026418358	0	25.30440654773011	57.94220100620481	41.760948637507596	4.412156638253851	3054.6599904056025	9.223727820366431	.41799181547592795	1.12212	.6234000000000001	.77925	.36964000000000036	.12468	.6234000000000001	2.5471400000000006	.03117
8.82	930.1118841945917	21.545484797354433	43.63961673892977	4.006032315281905	3389.0917878315486	10.76083502079736	0	984.2114934420247	20.318762603343792	45.83270227232178	4.246760648917538	3574.586166069572	12.650674536656668	0	1015.138092349129	19.49817954486107	47.124066041439036	4.318347574405292	3679.864728162968	9.847874227154849	0	810.4010150508468	17.73790196561614	37.716341825419825	3.525319542450158	2946.065127880484	11.096571066358132	0	831.4940233627837	19.473558706408035	38.4368840803697	3.825769180244171	3025.7054815496344	14.860058040246045	0	187.6426308677856	6.5044848118127705	8.632610867049552	.9317818318519432	686.1308717064098	13.489772636813154	0	943.6265054713073	22.25468778902011	44.622063746075916	3.9197768326801583	3442.018898008901	9.50614466813156	0	25.28102626938003	57.905575985120535	41.745058008834015	4.42174097363323	3053.5063990736935	9.223727820366431	.41799181547592795	1.12212	.6234000000000001	.77925	.36963000000000035	.12468	.6234000000000001	2.547120000000001	.03117
8.84	929.227763871002	21.444304810518187	43.5971648898027	4.015347254750776	3386.4075557342894	10.76083502079736	0	983.2572399719537	20.226160579920542	45.78850596385013	4.25661070519532	3571.6971450827605	12.650674536656668	0	1014.1438295838818	19.410523896984277	47.0789103861989	4.3285301978894015	3676.854553009616	9.847874227154849	0	809.6162249893596	17.655493675675565	37.6800204983072	3.5334257286318023	2943.6721544055886	11.096871282013842	0	830.6881806176883	19.384689898667894	38.39998767651853	3.8340106119124897	3023.2169125507608	14.860058040246045	0	187.4552913753792	6.479966656665169	8.624342225236909	.9335541579988579	685.5594397007711	13.489772636813154	0	942.7481775732846	22.14544241263097	44.57834848533973	3.9292853669216052	3439.3525049090954	9.506219311016944	0	25.257702503415448	57.86905100039927	41.7291428740558	4.431321711771066	3052.3524086700386	9.223727820366431	.41799181547592795	1.12212	.6234000000000001	.77925	.36962000000000034	.12468	.6234000000000001	2.547100000000001	.03117
8.86	928.3463545648134	21.34330691360964	43.55474680587961	4.024650903242078	3383.7274603624137	10.76083502079736	0	982.3057305479927	20.133728881724558	45.744340774686854	4.266448348857758	3568.812868407875	12.650674536656668	0	1013.1522869709495	19.323044978977105	47.033783946887745	4.338699732994792	3673.849477825238	9.847874227154849	0	808.8336696808666	17.573244616850072	37.643724145322125	3.54152159825089	2941.2831632346624	11.09717151391455	0	829.8846580938156	19.29593698873482	38.363114556018324	3.842241139488182	3020.73268563217	14.860058040246045	0	187.2685951001815	6.455366840089969	8.616079114507773	.9353239022514034	684.9889926811074	13.489772636813154	0	941.8725007419991	22.036468448369643	44.534672047665445	3.9387828688219853	3436.6897402792288	9.506293955074538	0	25.234436957569436	57.83262348523129	41.713203298373884	4.44089883948583	3051.1980213749966	9.223727820366431	.41799181547592795	1.12212	.6234000000000001	.77925	.3696100000000004	.12468	.6234000000000001	2.5470800000000007	.03117
8.88	927.4676623937596	21.24248478719216	43.51236248318355	4.033943265266692	3381.0514981374245	10.76083502079736	0	981.3569747874424	20.041458679666306	45.700206734390115	4.276273590874065	3565.93332979739	12.650674536656668	0	1012.1634797630462	19.23572995406386	46.98868677147311	4.348856195525069	3670.84949614543	9.847874227154849	0	808.0533552378715	17.49114861023758	37.60745279053904	3.5496071679061867	2938.8981477575944	11.09747176206157	0	829.0834592174291	19.207297507799552	38.326264777126454	3.8504607677127316	3018.2527933013203	14.860058040246045	0	187.0825412746719	6.430685921738149	8.607821528364754	.9370910847793255	684.4195286145623	13.489772636813154	0	940.9994951531083	21.927749154991904	44.49103436894555	3.9482693387288355	3434.030611970741	9.506368600304372	0	25.211229706418383	57.79629331400033	41.69723934830092	4.450472344610307	3050.043239925269	9.223727820366431	.41799181547592795	1.12212	.6234000000000001	.77925	.3696000000000004	.12468	.6234000000000001	2.5470600000000005	.03117
8.9	926.5916672982622	21.141846503236142	43.470011909906276	4.04322434611278	3378.379654815706	10.76083502079736	0	980.4109553128177	19.94935738846096	45.65610386969176	4.286086441898058	3563.058512533808	12.650674536656668	0	1011.1773923203401	19.14858595443987	46.94361891077661	4.3589995996861	3667.8545900143185	9.847874227154849	0	807.275267567971	17.409212174576716	37.57120646208621	3.5576824474548565	2936.5170940740218	11.097772026456227	0	828.2845688916367	19.118779066676172	38.28943839086487	3.858669508491709	3015.777219268769	14.860058040246045	0	186.89712565845568	6.405927610763845	8.599569473272084	.9388557109510236	683.8510449751642	13.489772636813154	0	940.1291381705526	21.81929342349431	44.44743538736708	3.957744777959166	3431.375110318485	9.506443246706473	0	25.188080513244874	57.760060806478755	41.681251090554	4.460042215193879	3048.888067134704	9.223727820366431	.41799181547592795	1.12212	.6234000000000001	.77925	.36959000000000036	.12468	.6234000000000001	2.547040000000001	.03117
8.92	925.7183492126698	21.041400037857528	43.4276950742047	4.052494151051828	3375.7119160610346	10.76083502079736	0	979.4676546565343	19.857432375448685	45.612032206857236	4.295886912538708	3560.1883998203934	12.650674536656668	0	1010.194008832591	19.0616201163716	46.89858041488298	4.369129959615435	3664.864741398655	9.847874227154849	0	806.4993925177707	17.327441771779135	37.53498518763772	3.56574744671413	2934.1399882216765	11.098072307099834	0	827.487972016905	19.030389166877956	38.252635447666	3.866867373628787	3013.3059472095915	14.860058040246045	0	186.71234401502005	6.381095562186128	8.591322955253217	.9406177863100319	683.2835391983169	13.489772636813154	0	939.2614070655832	21.711110131824242	44.40387504152198	3.9672091878598037	3428.723225505216	9.506517894280867	0	25.164989139243023	57.72392626093036	41.66523859179518	4.4696084393158975	3047.732505782231	9.223727820366431	.41799181547592795	1.12212	.6234000000000001	.77925	.36958000000000035	.12468	.6234000000000001	2.5470200000000007	.03117
8.94	924.8476880658668	20.941153276153933	43.385411964210626	4.061752685338334	3373.048267448482	10.76083502079736	0	978.5270552601743	19.7656909656955	45.567991771691	4.305675013360952	3557.32297478495	12.650674536656668	0	1009.2133133165509	18.974839586144196	46.8535713331406	4.379247289383744	3661.879932191589	9.847874227154849	0	805.7257158722288	17.245843811226337	37.49878899441863	3.573802175461579	2931.76681617955	11.098372603993713	0	826.6936534915113	18.94213520406299	38.21585599737804	3.8750543748268784	3010.838960767104	14.860058040246045	0	186.52819211296242	6.356193376539423	8.583081979876466	.9423773165837152	682.7170086812774	13.489772636813154	0	938.3962790135431	21.60320815311082	44.360353270401404	3.9766625698069142	3426.0749475672515	9.506592543027583	0	25.141955343646334	57.68788995385754	41.64920191863075	4.4791710050855436	3046.576558611841	9.223727820366431	.41799181547592795	1.12212	.6234000000000001	.77925	.36957000000000034	.12468	.6234000000000001	2.5470000000000006	.03117
8.96	923.9796637818827	20.84111401704071	43.34316256804051	4.070999954209494	3370.388694468312	10.76083502079736	0	977.5891394737494	19.674140447094164	45.5239825895419	4.31545075488651	3554.4622204835955	12.650674536656668	0	1008.2352896133631	18.888251526008982	46.808591714161835	4.389351602996262	3658.900144216438	9.847874227154849	0	804.9542233539996	17.164424654066444	37.46261790921008	3.5818466434353917	2929.3975638710576	11.098672917139183	0	825.9015982119956	18.854024471479708	38.179100089270236	3.883230523689286	3008.3762435565836	14.860058040246045	0	186.34466572721814	6.331224599523897	8.574846552240647	.9441343076919669	682.1514507836331	13.489772636813154	0	937.5337310906486	21.495596363895785	44.316870013390115	3.9861049252055323	3423.4302664001298	9.506667192946649	0	25.11897888385557	57.651952139748396	41.63314113761051	4.488729900641706	3045.4202283325735	9.223727820366431	.41799181547592795	1.12212	.6234000000000001	.77925	.3695600000000004	.12468	.6234000000000001	2.546980000000001	.03117
8.98	923.1142562805012	20.74128997808706	43.30094687380525	4.080235962884892	3367.7331825298857	10.76083502079736	0	976.6538895549659	19.582788075465047	45.480004685308614	4.325214147594696	3551.606119904543	12.650674536656668	0	1007.259921385962	18.801863120131014	46.763641605823494	4.39944291439423	3655.9253592304617	9.847874227154849	0	804.1849006227784	17.083190617511033	37.42647195835438	3.5898808603346413	2927.032217167205	11.098973246537563	0	825.1117910736132	18.766064163412494	38.14236777203821	3.8913958317208426	3005.9177791689917	14.860058040246045	0	186.16176064028895	6.306192721655866	8.566616676960717	.9458887657559046	681.5868628277805	13.489772636813154	0	936.6737402707698	21.388283652364446	44.273425210260775	3.995536255489082	3420.789171764266	9.50674184403809	0	25.096059515566616	57.61611305082389	41.61705631522701	4.498285114152849	3044.2635176184986	9.223727820366431	.41799181547592795	1.12212	.6234000000000001	.77925	.3695500000000004	.12468	.6234000000000001	2.546960000000001	.03117
9	922.2514454778685	20.64168880035207	43.25876486961987	4.089460716566188	3365.0817169655547	10.76083502079736	0	975.7212876684885	19.49164107965696	45.436058083444976	4.334965201923242	3548.754655971875	12.650674536656668	0	1006.2871921164727	18.715681580536543	46.71872105526722	4.409521237456345	3652.955558928631	9.847874227154849	0	803.4177332746442	17.002147979131877	37.390351167760166	3.5979048358195698	2924.670761889754	11.099273592190173	0	824.3242169707855	18.678261378627212	38.105659093809194	3.8995503103290603	3003.463551174695	14.860058040246045	0	185.9794726434706	6.281101177918182	8.55839235815341	.9476406971065687	681.0232420994018	13.489772636813154	0	935.8162834222115	21.2812789265765	44.230018801168306	4.0049565621189105	3418.1516532906085	9.506816496301937	0	25.073196992898357	57.58037289678501	41.600947517914854	4.507836633816887	3043.1064291087005	9.223727820366431	.41799181547592795	1.12212	.6234000000000001	.77925	.36954000000000037	.12468	.6234000000000001	2.5469400000000006	.03117
9.02	921.391211287103	20.542318053220825	43.21661654361332	4.098674220436807	3362.4342830345663	10.76083502079736	0	974.7913158852043	19.400706666648066	45.39214280796542	4.344703928269106	3545.9078115493217	12.650674536656668	0	1005.3170851036108	18.62971415306058	46.67383010889989	4.4195865860002	3649.9907249474018	9.847874227154849	0	802.652706841404	16.92130298115777	37.35425556290748	3.6059185795118553	2922.313183814386	11.099573954098332	0	823.5388607975528	18.59062312381678	38.06897410214736	3.9076939708252727	3001.013543127186	14.860058040246045	0	185.79779753808123	6.255953347410637	8.550173599422887	.9493901082936177	680.4605858479438	13.489772636813154	0	934.961337304495	21.174591122696974	44.18665072664421	4.01436584658381	3415.517700486297	9.506891149738216	0	25.050391068520515	57.54473186455986	41.58481481204996	4.517384447861052	3041.9489654072604	9.223727820366431	.41799181547592795	1.12212	.6234000000000001	.77925	.36953000000000036	.12468	.6234000000000001	2.546920000000001	.03117
9.04	920.5335336189033	20.443185239240467	43.17450188393825	4.107876479661631	3359.7908659269624	10.76083502079736	0	973.8639561814877	19.30999202664672	45.34825888245036	4.354430336989291	3543.065569444039	12.650674536656668	0	1004.3495834600816	18.543968123294388	46.62896881239409	4.429638973783728	3647.0308388684857	9.847874227154849	0	801.8898067899363	16.840661834771318	37.31818516885293	3.613922100994889	2919.9594686738683	11.09987433226336	0	822.7557074480262	18.50315631704676	38.032312844059085	3.9158268244257797	2998.567738566806	14.860058040246045	0	185.61673113668922	6.230752553000361	8.541960403846371	.9511370060940263	679.8988912870946	13.489772636813154	0	934.1088785651383	21.068229213227117	44.143320927590935	4.023764110399548	3412.887302740322	9.506965804346953	0	25.027641493781545	57.50919011805083	41.56865826394883	4.526928544541765	3040.7911290832426	9.223727820366431	.41799181547592795	1.12212	.6234000000000001	.77925	.36952000000000035	.12468	.6234000000000001	2.546900000000001	.03117
9.06	919.6783923821582	20.3442977989563	43.132420878780714	4.11706749938668	3357.151450767478	10.76083502079736	0	972.9391904384636	19.219504338192348	45.30440633005156	4.364144438401661	3540.2279124103843	12.650674536656668	0	1003.38467010998	18.45845082253301	46.58413721068845	4.439678414506647	3644.075882222621	9.847874227154849	0	801.1290185215354	16.760230724405723	37.28214001023474	3.62191540981405	2917.6096021612198	11.100174726686575	0	821.9747418168394	18.41586779120089	37.99567536599827	3.923948882252993	2996.126121024465	14.860058040246045	0	185.4362692643413	6.205502060972219	8.533752773959781	.9528813975207818	679.338155595262	13.489772636813154	0	933.2588837364376	20.962202215235273	44.1000293452762	4.033151355108388	3410.260449329177	9.507040460128179	0	25.004948018836476	57.47374779788176	41.55247793986777	4.53646891214451	3039.6329226706753	9.223727820366431	.41799181547592795	1.12212	.6234000000000001	.77925	.36951000000000034	.12468	.6234000000000001	2.5468800000000007	.03117
9.08	918.825767484555	20.245663115747877	43.09037351636996	4.126247284738805	3354.5160226194434	10.76083502079736	0	972.0170004412729	19.129250773256317	45.26058517349759	4.373846242785753	3537.394823153697	12.650674536656668	0	1002.4223277861906	18.373169633722796	46.539335347988136	4.4497049218118985	3641.1258364933483	9.847874227154849	0	800.3703273712549	16.68001581204161	37.24612011127795	3.629898515476976	2915.2635699328766	11.100475137369301	0	821.1959487996008	18.328764297426694	37.95906171387159	3.932060155336578	2993.688674025367	14.860058040246045	0	185.25640775979065	6.180205080679214	8.525550711743387	.9546232898315807	678.7783759160512	13.489772636813154	0	932.4113292322488	20.85651919858783	44.056775921327315	4.0425275822786215	3407.637129422522	9.507115117081918	0	24.9823103927748	57.438405021145	41.53627390600227	4.546005538983701	3038.4743486685356	9.223727820366431	.41799181547592795	1.12212	.6234000000000001	.77925	.3695000000000004	.12468	.6234000000000001	2.5468600000000006	.03117
9.1	917.9756388331883	20.147288520665047	43.048359784988165	4.135415840825378	3351.884566488682	10.76083502079736	0	971.0973678783354	19.039238502342794	45.21679543509914	4.383535760383597	3534.566284334071	12.650674536656668	0	1001.4625390277865	18.288131997408897	46.494563267765194	4.459718509287103	3638.180683120776	9.847874227154849	0	799.6137186072514	16.60002324150376	37.21012549579947	3.6378714274538444	2912.9213576118555	11.100775564312855	0	820.4193132933455	18.241852508581015	37.92247193304383	3.940160654614603	2991.2553810927275	14.860058040246045	0	185.07714247672487	6.154864764192876	8.517354218607435	.9563626905375266	678.2195493587421	13.489772636813154	0	931.5661913447674	20.751189294180044	44.01356059772556	4.051892793504092	3405.0173320888352	9.507189775208202	0	24.959728363748315	57.403161881148655	41.52004622848616	4.555538413402556	3037.315409540733	9.223727820366431	.41799181547592795	1.12212	.6234000000000001	.77925	.3694900000000004	.12468	.6234000000000001	2.546840000000001	.03117
9.12	917.1279863351696	20.049181297264052	43.006379672980216	4.144573172733978	3349.2570673274126	10.76083502079736	0	970.1802743406149	18.949474699589608	45.173037136754466	4.39321300140053	3531.7422785701365	12.650674536656668	0	1000.5052861774294	18.203345417682804	46.44982101275902	4.46971919046599	3635.240403505358	9.847874227154849	0	798.8591774301284	16.520259142757965	37.17415618721319	3.64583415517764	2910.5829507909216	11.101076007518557	0	819.644820196987	18.155139022675588	37.885906068343125	3.9482503909346813	2988.8262257514966	14.860058040246045	0	184.89846928499398	6.129484205953665	8.509163295377796	.9580996074118264	677.6616729987676	13.489772636813154	0	930.7234462413104	20.64622170216699	43.97038331680049	4.061246990403723	3402.401046301074	9.507264434507054	0	24.937201679099005	57.368018447163635	41.50379497339093	4.565067523772968	3036.1561077160927	9.223727820366431	.41799181547592795	1.12212	.6234000000000001	.77925	.36948000000000036	.12468	.6234000000000001	2.5468200000000007	.03117
9.14	916.2827898982356	19.95134868644362	42.96443316876342	4.15371928553208	3346.6335100381475	10.76083502079736	0	969.2657013208827	18.85996654786913	45.12931029995478	4.402877976006009	3528.922788442834	12.650674536656668	0	999.550551378769	18.11881746812984	46.40510862497673	4.479706978829854	3632.30497901166	9.847874227154849	0	798.1066889722803	16.440729636207774	37.13821220853515	3.653786708044435	2908.248335035751	11.10137646698773	0	818.8724544117695	18.068630366322605	37.84936416406628	3.9563293750551156	2986.401191532081	14.860058040246045	0	184.7203840718386	6.104066442421369	8.500977942281606	.9598340484984872	677.1047438781907	13.489772636813154	0	929.883069961097	20.541625700194416	43.92724402122429	4.070590174621042	3399.788260942332	9.507339094978505	0	24.914730085486894	57.33297476417085	41.487520206725016	4.574592858495376	3034.996445588339	9.223727820366431	.41799181547592795	1.12212	.6234000000000001	.77925	.36947000000000035	.12468	.6234000000000001	2.5468000000000006	.03117
9.16	915.4400294313576	19.85379789128106	42.92252026083731	4.1628541842667435	3344.0138794775944	10.76083502079736	0	968.3536302129829	18.770721243889156	45.08561494578963	4.412530694334429	3526.1077964991946	12.650674536656668	0	998.598316573843	18.034555797776733	46.360426145693616	4.4896818878089855	3629.3743909721375	9.847874227154849	0	797.3562382972361	16.361440836991346	37.10229358238863	3.6617290954136563	2905.917495888099	11.101676942721692	0	818.1022008417199	17.98233299818031	37.812846263984056	3.964397617646042	2983.9802619740667	14.860058040246045	0	184.54288274311796	6.078614451725507	8.492798158932901	.9615660221210133	676.5487590061829	13.489772636813154	0	929.0450384120301	20.4374106516297	43.884142654006105	4.079922347823708	3397.1789648114927	9.507413756622581	0	24.892313329017934	57.29803085260831	41.47122199443303	4.584114405998632	3033.83642551608	9.223727820366431	.41799181547592795	1.12212	.6234000000000001	.77925	.36946000000000034	.12468	.6234000000000001	2.546780000000001	.03117
9.18	914.5996848453501	19.756536081868294	42.880640937793366	4.171977873964302	3341.398160460554	10.76083502079736	0	967.4440423110952	18.68174600329373	45.0419510949523	4.422171166485941	3523.2972852561143	12.650674536656668	0	997.6485635004766	17.95056813703906	46.31577361545355	4.499643930784129	3626.448620690901	9.847874227154849	0	796.6078103990031	16.282398859278167	37.06640033100924	3.669661326608369	2903.590418868964	11.101977434721766	0	817.3340443940996	17.896253312398535	37.77635241134646	3.972455129290578	2981.5634206299374	14.860058040246045	0	184.36596122453784	6.053131153315715	8.484623944318264	.9632955368911035	675.9937153595016	13.489772636813154	0	928.2093273674768	20.333586013792676	43.841079158486394	4.0892435117030415	3394.5731466288926	9.507488419439309	0	24.869951155371837	57.26318670811831	41.45490040239505	4.593632154739877	3032.6760498227895	9.223727820366431	.41799181547592795	1.12212	.6234000000000001	.77925	.3694500000000004	.12468	.6234000000000001	2.546760000000001	.03117
9.2	913.76173605348	19.65957040014798	42.838795188324774	4.18109035963005	3338.786337763823	10.76083502079736	0	966.5369188090002	18.59304806576404	44.9983187677452	4.431799402527262	3520.4912372041335	12.650674536656668	0	996.7012736896818	17.866862303668817	46.271151074069365	4.509593121087915	3623.5276494474924	9.847874227154849	0	795.8613902014108	16.203609820565912	37.03053247625007	3.6775834109155427	2901.267089481752	11.102277942989272	0	816.5679699798563	17.810397642064263	37.739882648888006	3.9805019204859637	2979.150651068799	14.860058040246045	0	184.1896154628787	6.027619407612156	8.476455296782458	.9650226017173477	675.4396098829679	13.489772636813154	0	927.3759124630495	20.230161346186563	43.79805347833125	4.098553667973545	3391.9707950419734	9.50756308342872	0	24.847643309929964	57.228442301294535	41.438555496425884	4.603146093204414	3031.5153207967924	9.223727820366431	.41799181547592795	1.12212	.6234000000000001	.77925	.3694400000000004	.12468	.6234000000000001	2.5467400000000007	.03117
9.22	912.9262645042265	19.562799961614814	42.79698289018727	4.190191653246929	3336.178406962797	10.76083502079736	0	965.63241109068	18.504483833423453	44.95471798138602	4.441415400630391	3517.689654659349	12.650674536656668	0	995.7566878188941	17.783234303682022	46.2265586498956	4.519529451705496	3620.611490945551	9.847874227154849	0	795.11709220157	16.124961213815848	36.994690062332275	3.685495327787578	2898.9475035818973	11.10257846752553	0	815.8040252003502	17.72470820780978	37.70343698175922	3.9885380324035875	2976.7419299191592	14.860058040246045	0	184.01383359670382	6.002089885264155	8.468292535893617	.9667470136534454	674.8864436135497	13.489772636813154	0	926.5450524323072	20.126889259801814	43.75506558088315	4.107852820109744	3389.371922425939	9.507637748590836	0	24.825389227022235	57.19380458642292	41.42218734502719	4.612656210820295	3030.354247060287	9.223727820366431	.41799181547592795	1.12212	.6234000000000001	.77925	.36943000000000037	.12468	.6234000000000001	2.5467200000000005	.03117
9.24	912.0931924953005	19.46629316116991	42.75520409533006	4.1992817558051	3333.5743466221024	10.76083502079736	0	964.7304035018923	18.416146230328334	44.91114875694351	4.451019177529699	3514.8925088065575	12.650674536656668	0	994.8146398061298	17.6998124092716	46.18199633061984	4.529452947398885	3617.7001080134223	9.847874227154849	0	794.3748276043857	16.04652650308596	36.95887309745056	3.693397103351694	2896.631640763872	11.102879008331863	0	815.0421593990742	17.639227583814687	37.667015472719974	3.9965634579158595	2974.3372447450574	14.860058040246045	0	183.83861606266257	5.976540861365047	8.460135475994303	.9684689026347645	674.3342110933692	13.489772636813154	0	925.7165618798213	20.023925431210593	43.712115397187084	4.117140968885117	3386.776503795104	9.50771241492569	0	24.80318882825039	57.159269505444726	41.40579601231874	4.622162495609618	3029.192827216644	9.223727820366431	.41799181547592795	1.12212	.6234000000000001	.77925	.36942000000000036	.12468	.6234000000000001	2.546700000000001	.03117
9.26	911.2624853929262	19.37007257121093	42.713458808732575	4.2083606712413335	3330.9741398746864	10.76083502079736	0	963.830852513807	18.328064230697738	44.86761111396686	4.460610744897335	3512.0997792339954	12.650674536656668	0	993.8750733589669	17.61663511960431	46.137464141064186	4.539363624275857	3614.7934772274984	9.847874227154849	0	793.6345625303671	15.968328851554398	36.923081599079765	3.701288751060888	2894.3194850109185	11.10317956540959	0	814.2823485125593	17.55397112506885	37.630618168305915	4.004578202858942	2971.9365801858776	14.860058040246045	0	183.6639600008964	5.950973888775595	8.451984067265403	.9701883089330993	673.7829085830471	13.489772636813154	0	924.8903753967898	19.921316633905224	43.669202868503184	4.126418115831784	3384.184524200361	9.507787082433307	0	24.78104190344316	57.124835947315376	41.389381563520445	4.631664936010229	3028.031062535423	9.223727820366431	.41799181547592795	1.12212	.6234000000000001	.77925	.36941000000000035	.12468	.6234000000000001	2.5466800000000007	.03117
9.28	910.4341261752182	19.274142026175287	42.671747016257676	4.217428404683833	3328.3777717096227	10.76083502079736	0	962.9337440249946	18.240240690934275	44.82410507116787	4.470190112318236	3509.311448960578	12.650674536656668	0	992.9379769434616	17.533704297873093	46.09296212080237	4.549261494881423	3611.8915807810586	9.847874227154849	0	792.896285509205	15.890370870547212	36.88731558827707	3.709170279165667	2892.011022099029	11.103480138760034	0	813.5245793534506	17.468943031335474	37.59424510812929	4.0125822783216885	2969.539919705395	14.860058040246045	0	183.48986121961917	5.925391824621616	8.443838315006671	.9719052363605221	673.232533028266	13.489772636813154	0	924.0664765411111	19.819065199107	43.62632794044489	4.135684262804425	3381.5959727687036	9.507861751113715	0	24.758948188731566	57.09050399038142	41.372944064261404	4.641163520646242	3026.868955355444	9.223727820366431	.41799181547592795	1.12212	.6234000000000001	.77925	.36940000000000034	.12468	.6234000000000001	2.5466600000000006	.03117
9.3	909.6080979974329	19.178505173947404	42.63006870373095	4.226484961250041	3325.7852271157935	10.76083502079736	0	962.0390641178323	18.152678261935133	44.78063064688989	4.479757289327932	3506.5275010313053	12.650674536656668	0	992.0033392443074	17.45102156610997	46.04849030883008	4.559146571685388	3608.9944009165183	9.847874227154849	0	792.1599852163005	15.812654995649606	36.85157508578112	3.7170416958314423	2889.706237819955	11.103780728384516	0	812.768838846313	17.38414735025521	37.55789633125064	4.020575695364799	2967.1472467908443	14.860058040246045	0	183.31631554102174	5.899797478555361	8.435698224348393	.9736196887108147	672.6830813521319	13.489772636813154	0	923.2448491956626	19.717173166805452	43.58349055896243	4.144939411681472	3379.0108386227457	9.507936420966942	0	24.736907420062042	57.056273698525494	41.35648358010644	4.650658238170832	3025.706507991062	9.223727820366431	.41799181547592795	1.12212	.6234000000000001	.77925	.36939000000000033	.12468	.6234000000000001	2.546640000000001	.03117
9.32	908.7843841967688	19.0831654762358	42.58842385694592	4.235530346046607	3323.1964910862357	10.76083502079736	0	961.146799064799	18.0653793879643	44.737187859113085	4.489312285412868	3503.747918521858	12.650674536656668	0	991.0711491729436	17.36858830238488	46.00404874356913	4.569018867082946	3606.1019199305438	9.847874227154849	0	791.4256504774614	15.73518348610492	36.81586011201816	3.7249030091375723	2887.405117984801	11.10408133428436	0	812.0151140306722	17.299587978147148	37.52157187618257	4.028558465023234	2964.7585449563585	14.860058040246045	0	183.14331880217688	5.874193612730829	8.427563800250324	.9753316697594052	672.1345504558225	13.489772636813154	0	922.4254775767754	19.615642283376367	43.5406906703382	4.154183564364713	3376.4291108873617	9.508011091993016	0	24.714919333311464	57.02214512120289	41.34000017655551	4.66014907726614	3024.5437227324137	9.223727820366431	.41799181547592795	1.12212	.6234000000000001	.77925	.3693800000000004	.12468	.6234000000000001	2.5466200000000008	.03117
9.34	907.9629682971681	18.988126208950117	42.5468124616692	4.24456456416938	3320.6115486224885	10.76083502079736	0	960.2569353347697	17.978346305524713	44.69377672545972	4.498855110010739	3500.972684543195	12.650674536656668	0	990.1413958756617	17.286405638004474	45.959637462871456	4.578878393395297	3603.2141201791615	9.847874227154849	0	790.693270273599	15.657958424213545	36.780170687108	3.7327542270764074	2885.1076484276196	11.104381956460884	0	811.2633920640544	17.215268660809816	37.485271780893505	4.036530598308632	2962.373797746399	14.860058040246045	0	182.9708668559438	5.848582941779052	8.419435047500615	.9770411832633062	671.5869372192348	13.489772636813154	0	921.6083462427086	19.51447399919973	43.49792822118201	4.1634167227788845	3373.8507786963246	9.508085764191964	0	24.69298366440218	56.988118293478024	41.32349391904306	4.669636026643186	3023.3806018456644	9.223727820366431	.41799181547592795	1.12212	.6234000000000001	.77925	.36937000000000036	.12468	.6234000000000001	2.5466000000000006	.03117
9.36	907.1438340141166	18.893390462578235	42.50523450364564	4.253587620703374	3318.030384738942	10.76083502079736	0	959.3694595993107	17.891581042230502	44.65039726319944	4.508385772510809	3498.20178224615	12.650674536656668	0	989.2140687417133	17.204474454710983	45.91525650402332	4.588725162870251	3600.3309840828683	9.847874227154849	0	789.9628337454228	15.580981714731912	36.74450683087014	3.7405953575523343	2882.813815009001	11.104682594915412	0	810.5136602250261	17.131192994322184	37.448996082811455	4.04449210621172	2959.992988739192	14.860058040246045	0	182.79895557187314	5.822968132783406	8.411311970714742	.9787482329610525	671.0402385016331	13.489772636813154	0	920.7934401021249	19.41366946627773	43.45520315842638	4.172638888871276	3371.275831198947	9.508160437563813	0	24.671100149417043	56.954193236060966	41.30696487293741	4.679119075041779	3022.217147573254	9.223727820366431	.41799181547592795	1.12212	.6234000000000001	.77925	.36936000000000035	.12468	.6234000000000001	2.546580000000001	.03117
9.38	906.326965259445	18.79896114256333	42.463689968603546	4.262599520722752	3315.4529844671806	10.76083502079736	0	958.4843587389744	17.80508541567916	44.60704948925454	4.517904282254237	3495.435194826027	12.650674536656668	0	988.2891574114175	17.122795381881005	45.870905903749325	4.598559187682826	3597.4524941317445	9.847874227154849	0	789.2343301981388	15.50425508427143	36.70886856282981	3.7484264083808205	2880.5236036196698	11.104983249649266	0	809.7659059162345	17.047364425844666	37.41274481882775	4.052442999704732	2957.6161015501616	14.860058040246045	0	182.6275808371115	5.797351805254914	8.403194574334435	.9804528225726385	670.4944511422977	13.489772636813154	0	919.9807444225645	19.313229535852752	43.41251542932188	4.181850064611322	3368.704257566721	9.508235112108592	0	24.649268524714433	56.920369955343965	41.29041310354014	4.688598211230422	3021.0533621341447	9.223727820366431	.41799181547592795	1.12212	.6234000000000001	.77925	.36935000000000034	.12468	.6234000000000001	2.546560000000001	.03117
9.4	905.5123461461299	18.704840969680966	42.42217884225982	4.271600269290797	3312.879332860337	10.76083502079736	0	957.6016198495937	17.718861032323783	44.56373342020531	4.527410648534402	3492.6729055272	12.650674536656668	0	987.3666517842679	17.04136879372438	45.82658569821658	4.6083804799358585	3594.578632890566	9.847874227154849	0	788.5077491061443	15.427780080697474	36.673255902224014	3.756247387287456	2878.2370001840777	11.10528392066377	0	809.0201166674474	16.963786254420164	37.376518025300825	4.060383289743818	2955.243119835366	14.860058040246045	0	182.4567385573065	5.771736531107551	8.395082862626609	.9821549557994559	669.949571961172	13.489772636813154	0	919.170244838921	19.213154756025354	43.36986498143243	4.191050251990203	3366.1360469999577	9.508309787826327	0	24.627488527043305	56.886648443437934	41.2738386760855	4.698073424006221	3019.889247724066	9.223727820366431	.41799181547592795	1.12212	.6234000000000001	.77925	.36934000000000033	.12468	.6234000000000001	2.5465400000000007	.03117
9.42	904.6999609930938	18.611032480416135	42.38070111032511	4.280589871459899	3310.3094149974318	10.76083502079736	0	956.7212302485775	17.632909286345217	44.52044907229521	4.536904880597236	3489.914897647706	12.650674536656668	0	986.4465420270407	16.960194806482967	45.782295923038774	4.618189051660613	3591.7093830039125	9.847874227154849	0	787.7830801177249	15.351558072528306	36.63766886800759	3.764058301907	2875.9539906639952	11.105584607960242	0	808.2762801385932	16.88046163177501	37.340315738059985	4.068312987271465	2952.87402729493	14.860058040246045	0	182.28642465751116	5.746124834633532	8.386976839682287	.9838546363242318	669.4055977595108	13.489772636813154	0	918.3619273619154	19.11344536937225	43.32725176263057	4.200239453020442	3363.5711887344255	9.508384464717047	0	24.605759893658202	56.853028678208986	41.25724165573974	4.707544702194798	3018.7248065157623	9.223727820366431	.41799181547592795	1.12212	.6234000000000001	.77925	.3693300000000004	.12468	.6234000000000001	2.5465200000000006	.03117
9.44	903.8897943300066	18.517538027340372	42.339256758509045	4.289568332271523	3307.743215987726	10.76083502079736	0	955.8431774812052	17.547231358524293	44.47719646143625	4.546386987641542	3487.161154543845	12.650674536656668	0	985.5288185819011	16.8792732756295	45.73803661328025	4.6279849148173815	3588.844727201281	9.847874227154849	0	787.0603130597505	15.275590248334057	36.60210747885925	3.7718591597824247	2873.6745610621056	11.10588531154001	0	807.5343841228007	16.797393563120014	37.30413799240912	4.076232103218909	2950.5088076764787	14.860058040246045	0	182.11663508308894	5.72051919247863	8.378876509415539	.9855518678109657	668.8625253205283	13.489772636813154	0	917.5557783865709	19.014101310564293	43.284675721092796	4.209417669735508	3361.0096720479924	9.50845914278078	0	24.584082362434287	56.81951062331493	41.24062210760054	4.717012034650194	3017.5600406592393	9.223727820366431	.41799181547592795	1.12212	.6234000000000001	.77925	.36932000000000037	.12468	.6234000000000001	2.546500000000001	.03117
9.46	903.0818309020862	18.424359779488782	42.29784577252532	4.298535656756194	3305.1807209750673	10.76083502079736	0	954.9674493269212	17.461828215113997	44.43397560321423	4.555856978819323	3484.4116596347744	12.650674536656668	0	984.6134721745112	16.798603793066405	45.69380780346016	4.637768081296094	3585.984648302195	9.847874227154849	0	786.3394379423714	15.199877616135666	36.566571753187674	3.779649968363959	2871.3986974255995	11.106186031404393	0	806.7944165494397	16.714584907951455	37.26798482313051	4.084140648508548	2948.147444778573	14.860058040246045	0	181.94736580061837	5.694922033617466	8.370781875562406	.9872466539048683	668.3203514100463	13.489772636813154	0	916.7517847006885	18.91512220398446	43.242136805294834	4.21858490418941	3358.451486267262	9.50853382201755	0	24.562455671982388	56.78609422824181	41.22398009669637	4.7264754102547855	3016.39495228201	9.223727820366431	.41799181547592795	1.12212	.6234000000000001	.77925	.36931000000000036	.12468	.6234000000000001	2.5464800000000007	.03117
9.48	902.2760556748991	18.331499722737185	42.256468138096935	4.307491849933466	3302.6219151422356	10.76083502079736	0	954.0940338056305	17.376700606711722	44.39078651289402	4.565314863236105	3481.666396407108	12.650674536656668	0	983.7004938221379	16.718185684324652	45.64960952755652	4.647538562916917	3583.12912922132	9.847874227154849	0	785.6204449637155	15.12442100280387	36.531061709137525	3.7874307350081304	2869.126385849767	11.106486767554715	0	806.056365487161	16.6320383808521	37.23185626448857	4.092038634056356	2945.7899224541447	14.860058040246045	0	181.7786127987979	5.669335739328824	8.362692941679828	.9889389982322977	667.779072777142	13.489772636813154	0	915.949933493321	18.816507361345863	43.19963496400698	4.227741158456292	3355.896620774219	9.508608502427391	0	24.54087956176402	56.752779428340375	41.20731568798588	4.735934817919183	3015.2295434893417	9.223727820366431	.41799181547592795	1.12212	.6234000000000001	.77925	.36930000000000035	.12468	.6234000000000001	2.5464600000000006	.03117
9.5	901.4724538391617	18.238959660179113	42.215123840961326	4.316436916811909	3300.0667837152923	10.76083502079736	0	953.2229191839929	17.29184906713141	44.34762920542485	4.574760649951267	3478.9253484195106	12.650674536656668	0	982.789874841759	16.638018005762536	45.60544181901034	4.657296371430867	3580.278152973569	9.847874227154849	0	784.9033245145833	15.04922105345813	36.49557736459552	3.795201466976814	2866.857612481591	11.1067875199923	0	805.3202191469355	16.549756552292187	37.19575235023358	4.099926070774304	2943.4362246139285	14.860058040246045	0	181.6103720893505	5.643762643170939	8.354609711144578	.9906289044006982	667.2386861547957	13.489772636813154	0	915.1502123632486	18.7182557793097	43.15717014628939	4.236886434630038	3353.345065012863	9.508683184010327	0	24.519353772206397	56.719566144862625	41.190628946357286	4.745390246582151	3014.063816364502	9.223727820366431	.41799181547592795	1.12212	.6234000000000001	.77925	.36929000000000034	.12468	.6234000000000001	2.546440000000001	.03117
9.52	900.6710108155403	18.146741212502928	42.17381286687556	4.325370862389082	3297.5153119679267	10.76083502079736	0	952.3540939817182	17.207273912275763	44.304503695445604	4.584194347978367	3476.1884993072963	12.650674536656668	0	981.8816068581718	16.558099541764538	45.56130471072969	4.667041518520415	3577.4317026792187	9.847874227154849	0	784.1880671831451	14.974278230865593	36.460118737196495	3.8029621714362727	2864.59236352334	11.10708828871847	0	804.5859658850957	16.467741849430446	37.1596731136055	4.107802969572766	2941.0863352298966	14.860058040246045	0	181.4426397079286	5.6182050309568075	8.346532187152187	.9923163759985376	666.6991882605394	13.489772636813154	0	914.3526093274523	18.62036613710324	43.114742301487325	4.246020734823867	3350.7968084958497	9.508757866766384	0	24.4978780448175	56.68645428499832	41.173919936627726	4.754841685210506	3012.8977729690077	9.223727820366431	.41799181547592795	1.12212	.6234000000000001	.77925	.36928000000000033	.12468	.6234000000000001	2.546420000000001	.03117
9.54	899.8717122594524	18.054845818368886	42.13253520162147	4.334293691651509	3294.9674852258026	10.76083502079736	0	951.4875469778607	17.12297523900848	44.26140999729007	4.593615966285462	3473.4558327870236	12.650674536656668	0	980.9756818120998	16.47842880194015	45.51719823509384	4.676774015800086	3574.589761569017	9.847874227154849	0	783.4746637596369	14.899592814840066	36.42468584432945	3.8107128554562015	2862.330625236163	11.107389073734549	0	803.8535942063743	16.38599655691509	37.12361858733767	4.11566934136294	2938.7402383386952	14.860058040246045	0	181.27541171501866	5.592665140729485	8.338460372715874	.9940014165952451	666.1605757971041	13.489772636813154	0	913.5571128295908	18.52283679413784	43.072351379226575	4.255144061169933	3348.2518408111337	9.508832550695592	0	24.476452122301076	56.653443741911474	41.15718872354268	4.764289122799036	3011.731415342867	9.223727820366431	.41799181547592795	1.12212	.6234000000000001	.77925	.3692700000000004	.12468	.6234000000000001	2.5464000000000007	.03117
9.56	899.0745440658674	17.963274734786214	42.09129083101087	4.34320540957466	3292.423288870907	10.76083502079736	0	950.6232672171143	17.0389529240264	44.21834812499227	4.6030255137954414	3470.7273326610944	12.650674536656668	0	980.0720919683	16.39900401832268	45.473122423957335	4.686493874817073	3571.7523129892966	9.847874227154849	0	782.7631052410567	14.825164901640955	36.389278703143596	3.818453526008775	2860.0723839436823	11.107689875041858	0	803.1230927669451	16.30452281768483	37.0875888036606	4.123525197059261	2936.397918045076	14.860058040246045	0	181.1086841968461	5.567145162737391	8.330394270665478	.9956840297411488	665.6228454530684	13.489772636813154	0	912.7637117484734	18.425665787626897	43.02999732940863	4.2642564158189185	3345.7101516286048	9.508907235797977	0	24.45507574867168	56.62053439477688	41.14043537177534	4.773732548370401	3010.5647455048297	9.223727820366431	.41799181547592795	1.12212	.6234000000000001	.77925	.36926000000000037	.12468	.6234000000000001	2.5463800000000005	.03117
9.58	898.2794923741077	17.872029037490194	42.0500797408907	4.352106021122922	3289.8827083458973	10.76083502079736	0	949.7612440161075	16.95520662273176	44.17531809229168	4.612422999386343	3468.002982822349	12.650674536656668	0	979.1708299236711	16.319823142568122	45.4290773086541	4.696201107051833	3568.9193404070866	9.847874227154849	0	782.053382835861	14.750994403372252	36.35389733055443	3.8261841899676865	2857.8176260355854	11.107990692641724	0	802.3944503774633	16.2233226337699	37.05158379430574	4.1313705475818105	2934.0593585253323	14.860058040246045	0	180.94245326627998	5.541647239409614	8.322333883646385	.9973642189674129	665.0859939035063	13.489772636813154	0	911.972395406536	18.328850830203866	42.98768010220609	4.273357800939637	3343.171730706729	9.50898192207357	0	24.433748669369706	56.58772610881664	41.12365994592599	4.783171950975046	3009.397765452633	9.223727820366431	.41799181547592795	1.12212	.6234000000000001	.77925	.36925000000000036	.12468	.6234000000000001	2.546360000000001	.03117
9.6	897.4864178061786	17.781196601620756	42.008901848936844	4.360995532456436	3287.345701547865	10.76083502079736	0	948.9012802053695	16.871869507093212	44.13231990243567	4.6218084270296576	3465.282715128159	12.650674536656668	0	978.271617551971	16.241082070258766	45.38506296265237	4.705895716054069	3566.090745953099	9.847874227154849	0	781.345350256667	14.677184182122986	36.3185417097387	3.8339048780632514	2855.5663035108187	11.108291526535469	0	801.6675947340547	16.142442271818524	37.01560360385165	4.139205375044314	2931.7245247927467	14.860058040246045	0	180.77671342465877	5.516175878522065	8.314279347890576	.9990419360244427	664.5500223505813	13.489772636813154	0	911.1828459446086	18.23262021843606	42.94539967149078	4.282448216111005	3340.636489125545	9.509056609522396	0	24.41247024154627	56.55502287903297	41.10686251395381	4.792607319387313	3008.2304806169577	9.223727820366431	.41799181547592795	1.12212	.6234000000000001	.77925	.36924000000000035	.12468	.6234000000000001	2.5463400000000007	.03117
9.62	896.6953668978426	17.690736719167184	41.96775717356605	4.369873947942636	3284.8122672027403	10.76083502079736	0	948.0434546064143	16.788877096482466	44.08935357344944	4.631181807830142	3462.5665384919635	12.650674536656668	0	977.374577226286	16.162683782881277	45.34107939594567	4.715577716917945	3563.266552145513	9.847874227154849	0	780.6390647310446	14.60368466438055	36.28321187312148	3.84161558556083	2853.3184193129405	11.108592376724417	0	800.9425441448333	16.061862307737517	36.97964825668885	4.147029704107595	2929.3934103386355	14.860058040246045	0	180.61146162142595	5.4907319775655	8.306230601965487	1.0007172090551062	664.0149252822589	13.489772636813154	0	910.3952001011444	18.136861042750674	42.90315597680396	4.291527664778712	3338.1044543546905	9.509131298144482	0	24.391240399486	56.522422569513836	41.090043138676805	4.8020386428576165	3007.062891309505	9.223727820366431	.41799181547592795	1.12212	.6234000000000001	.77925	.36923000000000034	.12468	.6234000000000001	2.5463200000000006	.03117
9.64	895.9063535580028	17.600631245722457	41.9266457154097	4.378741272253373	3282.282396890507	10.76083502079736	0	947.187797496144	16.70619965587493	44.046419120411706	4.6405431515773525	3459.854448300264	12.650674536656668	0	976.4797607980834	16.084582805877478	45.29712662917163	4.725247122616257	3560.4467603376897	9.847874227154849	0	779.9345477029626	14.530473058508651	36.24790784414975	3.8493163138885036	2851.0739674515953	11.108893243209891	0	800.2193010600018	15.981574789945862	36.94371778020889	4.154843551910933	2927.066003705781	14.860058040246045	0	180.44669440679394	5.465317017142192	8.298187619229832	1.0023900526482334	663.4806983620558	13.489772636813154	0	909.6095146430997	18.041520440794116	42.860948964071135	4.300596149723527	3335.575633374443	9.509205987939856	0	24.370058977311057	56.48992411400432	41.07320188373571	4.811465910584445	3005.8949987247847	9.223727820366431	.41799181547592795	1.12212	.6234000000000001	.77925	.3692200000000003	.12468	.6234000000000001	2.546300000000001	.03117
9.66	895.1193609043013	17.510883334676862	41.885567458311925	4.387597510347337	3279.7560754514802	10.76083502079736	0	946.3342933318952	16.623840247866198	44.00351655560841	4.649892466816747	3457.146427176093	12.650674536656668	0	975.5871535512235	16.00678232022561	45.2532046929952	4.734903944115517	3557.6313519091445	9.847874227154849	0	779.2317868421744	14.457551852800535	36.21262963778629	3.857007070287384	2848.8329335077506	11.109194125993218	0	799.4978529668376	15.901582593770415	36.907812204613855	4.162646928493925	2924.742288771914	14.860058040246045	0	180.2824079565092	5.439933025812118	8.290150405885196	1.004060468592053	662.9473383636006	13.489772636813154	0	908.8257708526738	17.946602233650296	42.81877858525624	4.309653673098853	3333.0500138290754	9.509280678908548	0	24.34892571477096	56.457527455622746	41.05633881354348	4.8208891117186905	3004.7268048900855	9.223727820366431	.41799181547592795	1.12212	.6234000000000001	.77925	.36921000000000037	.12468	.6234000000000001	2.5462800000000008	.03117
9.68	894.3343720945165	17.421496117869943	41.84452238605407	4.396442667174214	3277.233287758278	10.76083502079736	0	945.4829265355038	16.541801950806217	43.96064589103889	4.659229762041748	3454.4424577613063	12.650674536656668	0	974.6967406503624	15.929285572231354	45.20931361765858	4.7445481923042685	3554.8203082378186	9.847874227154849	0	778.5307698034759	14.38492353554112	36.177377268729636	3.8646878619388003	2846.5953030838746	11.109495025075722	0	798.7781874111116	15.8218885382131	36.871931559649745	4.170439843861609	2922.4222494685664	14.860058040246045	0	180.11859847451123	5.4145819885714905	8.28211896818611	1.0057284585613908	662.4148420584945	13.489772636813154	0	908.0439499398218	17.85211032493301	42.77664479261332	4.318700237069485	3330.5275833416895	9.509355371050583	0	24.32784035290882	56.42523253123662	41.03945399244327	4.8303082354380225	3003.558311819183	9.223727820366431	.41799181547592795	1.12212	.6234000000000001	.77925	.36920000000000036	.12468	.6234000000000001	2.5462600000000006	.03117
9.7	893.5513703257825	17.332472709827343	41.80351048235679	4.405276747674719	3274.7140187189434	10.76083502079736	0	944.6336814913111	16.46008786360617	43.917807138420706	4.668555045693842	3451.7425227188696	12.650674536656668	0	973.8085071370305	15.852095879523011	45.16545343298728	4.754179877993336	3552.013610701576	9.847874227154849	0	777.8314842252904	14.312590598982585	36.1421507514186	3.8723586959644	2844.361061805998	11.109795940458724	0	798.060291997411	15.742495388722386	36.836075874610835	4.178222307985594	2920.1058697836543	14.860058040246045	0	179.95526219376467	5.389265846935162	8.274093312444906	1.00739402411531	661.8832062171626	13.489772636813154	0	907.2640330370783	17.75804870865064	42.73454753868285	4.3277358438110864	3328.0083295173613	9.50943006436599	0	24.306802634159066	56.39303927168298	41.022547484708014	4.839723270946784	3002.3895215127386	9.223727820366431	.41799181547592795	1.12212	.6234000000000001	.77925	.36919000000000035	.12468	.6234000000000001	2.546240000000001	.03117
9.72	892.7703388338086	17.243816211997636	41.76253173088227	4.414099756780632	3272.1982532800657	10.76083502079736	0	943.7865425441717	16.378701110545325	43.87500030919447	4.677868326162703	3449.0466047351383	12.650674536656668	0	972.9224379257121	15.775216637046631	45.12162416839604	4.7637990119160865	3549.211240679701	9.847874227154849	0	777.1339177282539	14.240555543319923	36.10695010003688	3.880019579426261	2842.1301953257803	11.11009687214355	0	797.3441543894594	15.663405859964742	36.80024517834404	4.1859943308051974	2917.7931337640553	14.860058040246045	0	179.79239537709122	5.363986499018999	8.266073445036598	1.0090571666947517	661.352427609702	13.489772636813154	0	906.4860011943817	17.664421477070775	42.69248677628809	4.336760495509681	3325.4922399462816	9.509504758854796	0	24.285812302445184	56.36094760198883	41.00561935453994	4.849134207475885	3001.2204359587013	9.223727820366431	.41799181547592795	1.12212	.6234000000000001	.77925	.36918000000000034	.12468	.6234000000000001	2.546220000000001	.03117
9.74	891.9912608921006	17.155529716989147	41.7215861152363	4.42291169941482	3269.6859764299056	10.76083502079736	0	942.9414939974603	16.297644846077937	43.832225414528665	4.687169611786292	3446.3546865221447	12.650674536656668	0	972.0385177999244	15.698651323061192	45.07782585289488	4.773405604728677	3546.4131795543954	9.847874227154849	0	776.4380579138009	14.168820880666507	36.07177532851767	3.887670519326992	2839.9026893225728	11.110397820131528	0	796.6297623104381	15.58462261859613	36.76443949925327	4.193755922228576	2915.484025518192	14.860058040246045	0	179.6299943180018	5.338745799622285	8.258059372403734	1.0107178876201757	660.822503006732	13.489772636813154	0	905.7098353738971	17.57123282858488	42.65046245853147	4.3457741943611214	3322.9793022069052	9.509579454517029	0	24.264869103277444	56.32895744159151	40.988669666070145	4.858541034282695	3000.0510571327063	9.223727820366431	.41799181547592795	1.12212	.6234000000000001	.77925	.36917000000000033	.12468	.6234000000000001	2.5462000000000007	.03117
9.76	891.2141198111792	17.06761631280675	41.68067361897041	4.431712580491278	3267.1771732015127	10.76083502079736	0	942.0985201110792	16.216922259640047	43.78948246532448	4.69645891085097	3443.6667508198784	12.650674536656668	0	971.1567314082957	15.6224035051337	45.03405851509507	4.7829996670103245	3543.619408712272	9.847874227154849	0	775.7438923627491	14.097389139029625	36.03662645054809	3.895311522609848	2837.6785295054815	11.11069878442398	0	795.9171035433076	15.506148286033426	36.728658865303736	4.2015070921338715	2913.178529218611	14.860058040246045	0	179.46805534152844	5.313545560310091	8.250051101061267	1.0123761880892013	660.2934291802433	13.489772636813154	0	904.9355164448401	17.478487075572904	42.60847453879086	4.354776942570586	3320.4695038690907	9.509654151352715	0	24.24397278385063	56.29706870455907	40.971698483358075	4.867943740650945	2998.881386998474	9.223727820366431	.41799181547592795	1.12212	.6234000000000001	.77925	.3691600000000004	.12468	.6234000000000001	2.5461800000000006	.03117
9.78	890.4388989378004	16.980079087088708	41.63979422558409	4.440502404915153	3264.6718286758505	10.76083502079736	0	941.257605099465	16.136536580456383	43.74677147222065	4.70573623159161	3440.9827803985713	12.650674536656668	0	970.2770632606451	15.546476846134361	44.9903221832151	4.792581209263552	3540.8299095458538	9.847874227154849	0	775.051408633885	14.026262866286054	36.00150347957392	3.9029425961588307	2835.4577016154344	11.11099976502223	0	795.2061659311279	15.427985441225902	36.69290330402635	4.209247850370338	2910.876629104563	14.860058040246045	0	179.30657480505636	5.2883875494956705	8.24204863760142	1.0140320691742486	659.7652029044472	13.489772636813154	0	904.1630251783004	17.38618865226796	42.566522970715944	4.363768742352053	3317.962832497246	9.509728849361885	0	24.223123093141766	56.26528129981066	40.9547058703911	4.877342315890621	2997.7114275082126	9.223727820366431	.41799181547592795	1.12212	.6234000000000001	.77925	.36915000000000037	.12468	.6234000000000001	2.546160000000001	.03117
9.8	889.6655816541759	16.892921131343492	41.59894791852686	4.44928117758278	3262.169927984919	10.76083502079736	0	940.418733129596	16.056491082347204	43.70409244559824	4.715001582191708	3438.302758060981	12.650674536656668	0	969.399497724061	15.47087511023172	44.946616885086726	4.8021502419144495	3538.044663455068	9.847874227154849	0	774.3605942625493	13.955444634157601	35.96640642880405	3.910563746798801	2833.2401914272423	11.111300761927605	0	794.4969373773803	15.350136623426684	36.65717284252206	4.216978206759484	2908.578309484584	14.860058040246045	0	179.14554909915597	5.2632734925228455	8.234051988698548	1.0156855318201792	659.2378209566255	13.489772636813154	0	903.3923422420651	17.294342122620957	42.5246077082246	4.372749595927784	3315.4592756534726	9.509803548544564	0	24.20231978200787	56.233595131336955	40.937691891084036	4.886736749337856	2996.541180603014	9.223727820366431	.41799181547592795	1.12212	.6234000000000001	.77925	.36914000000000036	.12468	.6234000000000001	2.5461400000000007	.03117
9.82	888.8941513771925	16.80614554518662	41.55813468120044	4.4580489033817035	3259.6714563148744	10.76083502079736	0	939.5818883190001	15.976789088535194	43.66144539558556	4.7242549707834876	3435.626666644675	12.650674536656668	0	968.5240190189802	15.39560216888783	44.902942648160916	4.81170677531293	3535.263651848745	9.847874227154849	0	773.6714367592222	13.884937042186703	35.9313353112151	3.918174981295579	2831.0259847516654	11.11160177514143	0	793.7894058462884	15.27260433496424	36.621467507466186	4.224698171096203	2906.2835547390778	14.860058040246045	0	178.984974648415	5.238205071748402	8.226061161114016	1.0173365768419353	658.7112801179799	13.489772636813154	0	902.6234481954432	17.202952188165256	42.48272870549918	4.381719505527809	3312.958820900711	9.509878248900781	0	24.181562603283655	56.20201009842051	40.920656609278666	4.896127030354825	2995.370648213256	9.223727820366431	.41799181547592795	1.12212	.6234000000000001	.77925	.36913000000000035	.12468	.6234000000000001	2.5461200000000006	.03117
9.84	888.1245915576321	16.71975544057744	41.5173544969609	4.4668055871907235	3257.1763989091532	10.76083502079736	0	938.7470547337606	15.897433976452264	43.618830332062906	4.733496405448014	3432.9544890243114	12.650674536656668	0	967.650611215267	15.320662006853357	44.859299499513874	4.821250819732987	3532.4868561461126	9.847874227154849	0	772.9839236081083	13.814742721711925	35.89629013955598	3.925776306356061	2828.815067437475	11.11190280466503	0	793.0835593631391	15.195391044013801	36.585787325112804	4.232407753149913	2903.9923493228916	14.860058040246045	0	178.82484791227037	5.21318392662446	8.218076161701044	1.0189852049221833	658.185577174481	13.489772636813154	0	901.856323484088	17.112023695881295	42.44088591698289	4.390678473389407	3310.4614558058825	9.509952950430563	0	24.160851311879295	56.17052609585614	40.90360008874331	4.905513148329647	2994.1998322590034	9.223727820366431	.41799181547592795	1.12212	.6234000000000001	.77925	.36912000000000034	.12468	.6234000000000001	2.546100000000001	.03117
9.86	887.3568856793917	16.63375394605598	41.47660734912078	4.475551233879915	3254.6847410715927	10.76083502079736	0	937.9142163865243	15.818429182546465	43.57624726466746	4.742725894215305	3430.2862081139256	12.650674536656668	0	966.7792582282918	15.246058728162755	44.81568746585301	4.830782385372951	3529.7142577782924	9.847874227154849	0	772.2980422657228	13.744864339843556	35.86127092635245	3.9333677286283173	2826.6074253735214	11.112203850499732	0	792.379386014603	15.11849918736885	36.55013232129905	4.240106962665693	2901.704677767902	14.860058040246045	0	178.66516538584025	5.1882116537808765	8.210096997409591	1.0206314166089518	657.6607089177181	13.489772636813154	0	901.0909484348213	17.021561646061247	42.39907929737614	4.399626501756589	3307.967167943034	9.510027653133937	0	24.14018566487812	56.13914301417135	40.88652239317232	4.914895092676274	2993.028734650404	9.223727820366431	.41799181547592795	1.12212	.6234000000000001	.77925	.3691100000000003	.12468	.6234000000000001	2.546080000000001	.03117
9.88	886.5910172587031	16.54814421097975	41.43589322095127	4.4842858483106625	3252.196468169554	10.76083502079736	0	937.0833572345084	15.739778207088815	43.53369620279805	4.751943445064439	3427.621806869212	12.650674536656668	0	965.9099438150104	15.171796562129398	44.772106573522926	4.840301482355743	3526.9458381897975	9.847874227154849	0	771.6137801594757	13.675304603439152	35.82627768391168	3.940949254701706	2824.4030444907926	11.11250491264686	0	791.6768739490569	15.04193117321257	36.514502521449515	4.247795809365415	2899.4205246855918	14.860058040246045	0	178.5059236007561	5.1632898071076205	8.202123675291212	1.022275212313275	657.1366721457485	13.489772636813154	0	900.3273032504571	16.93157120017367	42.35730880163285	4.408563592879582	3305.4759448964837	9.510102357010933	0	24.119565421634373	56.107860739846686	40.86942358618564	4.924272852834388	2991.8573572880923	9.223727820366431	.41799181547592795	1.12212	.6234000000000001	.77925	.36910000000000037	.12468	.6234000000000001	2.5460600000000007	.03117
9.9	885.8269698433531	16.462929409760598	41.395212095684315	4.49300943533569	3249.7115656370447	10.76083502079736	0	936.2544611775082	15.661484618980197	43.49117715562005	4.761149065923664	3424.9612682898073	12.650674536656668	0	965.0426515700426	15.097879869340755	44.72855684851147	4.849808120729136	3524.181578840029	9.847874227154849	0	770.9311246862583	13.606066263079112	35.79131042432686	3.948520891106976	2822.2019107644837	11.112805991107741	0	790.9760113769037	14.965689383889341	36.478897950580574	4.255474302948883	2897.139874769633	14.860058040246045	0	178.34711912599477	5.138419897837177	8.19415620250392	1.023916592306831	656.6134636639475	13.489772636813154	0	899.565368004625	16.84205768872816	42.31557438495684	4.417489749014306	3302.987774263963	9.510177062061576	0	24.098990343870945	56.076679155536134	40.852303731328355	4.933646418269296	2990.6857020635857	9.223727820366431	.41799181547592795	1.12212	.6234000000000001	.77925	.36909000000000036	.12468	.6234000000000001	2.5460400000000005	.03117
9.92	885.0647270119033	16.378112746101493	41.35456395651477	4.501721999799097	3247.2300189778393	10.76083502079736	0	935.4275120559033	15.583552060558176	43.44869013207017	4.77034276467051	3422.3045754215764	12.650674536656668	0	964.1773649217517	15.024313147653489	44.68503831645564	4.859302310466008	3521.42146120477	9.847874227154849	0	770.2500632110274	13.537152117042208	35.75636915948172	3.9560826443163757	2820.0040102160583	11.113107085883701	0	790.2767865708942	14.889776178676152	36.443318633304735	4.263142453094969	2894.8627127984655	14.860058040246045	0	178.1887485687104	5.113603394626913	8.186194586317065	1.025555556719584	656.0910802858568	13.489772636813154	0	898.8051226365938	16.753026619139973	42.273876002798126	4.4264049724218655	3300.5026436597623	9.510251768285896	0	24.07846019577708	56.045598140287524	40.83516289207018	4.943015778471829	2989.5137708596885	9.223727820366431	.41799181547592795	1.12212	.6234000000000001	.77925	.36908000000000035	.12468	.6234000000000001	2.546020000000001	.03117
9.94	884.30427237291	16.293697457233364	41.313948786602545	4.51042354653638	3244.7518137686025	10.76083502079736	0	934.6024936486655	15.505984252403891	43.40623514086129	4.779524549131899	3419.6517113588916	12.650674536656668	0	963.3140671283229	14.951101038188641	44.641551002647645	4.868784061464602	3518.6654667776847	9.847874227154849	0	769.5705830653915	13.468565015281158	35.721453901055135	3.9636345207437613	2817.8093289153126	11.113408196976065	0	789.5791878664477	14.8141938965541	36.407764593835	4.2708002694627485	2892.589023637878	14.860058040246045	0	178.0308085750665	5.0888417236414805	8.178238834116183	1.0271921055374251	655.5695188340346	13.489772636813154	0	898.0465469460948	16.664483683594685	42.2322136108493	4.435309265368024	3298.020540717874	9.510326475683918	0	24.057974744106133	56.0146175697629	40.81800113180503	4.952380922958231	2988.341565550887	9.223727820366431	.41799181547592795	1.12212	.6234000000000001	.77925	.36907000000000034	.12468	.6234000000000001	2.5460000000000007	.03117
9.96	883.5455895641436	16.20968681815191	41.27336656907477	4.519114080374477	3242.27693566201	10.76083502079736	0	933.7793896713656	15.428784998148895	43.363812190487295	4.788694427084255	3417.00265924692	12.650674536656668	0	962.4527412738423	14.878248331326754	44.59809493204086	4.878253383548779	3515.9135770718126	9.847874227154849	0	768.8926715461955	13.400307863398176	35.68656466052564	3.971176526744703	2815.61785298244	11.11370932438616	0	788.8832036619733	14.73894485897983	36.372235855989196	4.278447761692636	2890.3187922435905	14.860058040246045	0	177.87329583106788	5.064136268635195	8.17028895340787	1.0288262385998124	655.0487761409054	13.489772636813154	0	897.289620588146	16.57643476691283	42.19058716504186	4.4442026301226925	3295.541453095138	9.510401184255672	0	24.03753375827329	55.983737316458914	40.80081851385055	4.961741841270062	2987.169088003753	9.223727820366431	.41799181547592795	1.12212	.6234000000000001	.77925	.36906000000000033	.12468	.6234000000000001	2.5459800000000006	.03117
9.98	882.7887897508342	16.125974821464336	41.23281727531962	4.527793606243715	3239.8053903154087	10.76083502079736	0	932.9583613425568	15.351817674824087	43.32142126332582	4.797852414492022	3414.3574412013777	12.650674536656668	0	961.5936298030776	14.805563326045933	44.55467009855719	4.887710298573025	3513.1658379907167	9.847874227154849	0	768.2164425209102	13.332275871099078	35.651701409934994	3.9787086915219843	2813.4295891264665	11.114010468115314	0	788.188878206912	14.6639761590631	36.33673245828307	4.28608491037702	2888.052005295139	14.860058040246045	0	177.71620465206001	5.039489417742814	8.162344900021855	1.0304579954781992	654.5288476921776	13.489772636813154	0	896.5346510025756	16.488623166940613	42.1489966292119	4.453085076356389	3293.0654319822333	9.510475894001186	0	24.017136432623495	55.95295639872352	40.78361510412124	4.971098522771207	2985.9963383708678	9.223727820366431	.41799181547592795	1.12212	.6234000000000001	.77925	.3690500000000003	.12468	.6234000000000001	2.545960000000001	.03117
10	882.0338092623671	16.04260544320547	41.19230089275453	4.536462128912407	3237.3371561407484	10.76083502079736	0	932.1393262803467	15.275138466146029	43.27906237706958	4.806998515970479	3411.7160260184583	12.650674536656668	0	960.7366190244036	14.73312418128454	44.51127653789456	4.897154811716431	3510.4222071780678	9.847874227154849	0	767.5418361795855	13.264512097193546	35.616864174952475	3.9862310128058254	2811.244515945538	11.11431162816485	0	787.4961793020962	14.589310602764188	36.301254418151906	4.293711735906909	2885.7886473298317	14.860058040246045	0	177.55953270201007	5.014902081304589	8.154406700965614	1.0320873608968302	654.0097308468261	13.489772636813154	0	895.781495715339	16.401152799996094	42.10744195690869	4.461956603597864	3290.592441498663	9.510550604920484	0	23.996782756846166	55.92227499959649	40.76639096478758	4.980450957128903	2984.823319138107	9.223727820366431	.41799181547592795	1.12212	.6234000000000001	.77925	.36904000000000037	.12468	.6234000000000001	2.5459400000000008	.03117
10.02	881.2805940028844	15.959614523027145	41.15181740789379	4.5451196531487765	3234.872213127501	10.76083502079736	0	931.3222153308359	15.198793130746921	43.236735547267074	4.816132736701673	3409.078385466371	12.650674536656668	0	959.8816144961285	14.660994497158764	44.46791428313117	4.906586928990955	3507.682647121782	9.847874227154849	0	766.8688021543322	13.197051598695372	35.58205297812216	3.9937434899837707	2809.062613632276	11.1146128045361	0	786.8050789900262	14.514966852112186	36.26580175377881	4.301328256484086	2883.5287031048088	14.860058040246045	0	177.4032775066477	4.990375205881326	8.146474379502978	1.0337143224129495	653.4914228745873	13.489772636813154	0	895.0300366498425	16.31410811954278	42.065923102483715	4.4708172119323875	3288.122450552053	9.510625317013599	0	23.97647268031442	55.89169323587021	40.749146158142636	4.989799134020185	2983.650032656838	9.223727820366431	.41799181547592795	1.12212	.6234000000000001	.77925	.36903000000000036	.12468	.6234000000000001	2.5459200000000006	.03117
10.04	880.5291321366861	15.877001741579196	41.11136680334907	4.55376618374968	3232.410547953972	10.76083502079736	0	930.5070180882934	15.122780984109994	43.19444078068708	4.825255084546571	3406.444504264667	12.650674536656668	0	959.028607558996	14.589172907802038	44.42458335686143	4.916006660344896	3504.94714165759	9.847874227154849	0	766.1973319753538	13.129893810143905	35.547267828807485	4.001246129972923	2806.883869240631	11.114913997230385	0	786.1155678571645	14.44094527318964	36.23037448796726	4.3089344806798575	2881.272158017834	14.860058040246045	0	177.24743583611783	4.965910042675298	8.138547941878617	1.0353388806384463	652.9739206088125	13.489772636813154	0	894.2802641924719	16.227486754763333	42.024440023053245	4.479666903897557	3285.6554491224333	9.510700030280553	0	23.95620596404797	55.86121094009192	40.73188074728693	4.999143043079785	2982.4764807068436	9.223727820366431	.41799181547592795	1.12212	.6234000000000001	.77925	.36902000000000035	.12468	.6234000000000001	2.5459000000000005	.03117
10.06	879.7794121029132	15.794766624502552	41.07094906168706	4.562401725503782	3229.9521474290877	10.76083502079736	0	929.6937244211408	15.04710117380361	43.1521780838528	4.834365567332313	3403.814367271275	12.650674536656668	0	958.1775898679863	14.517657841727614	44.381283781310806	4.925414015677153	3502.2156747740573	9.847874227154849	0	765.5274173787982	13.063038030718399	35.512508736117624	4.008738939677464	2804.7082699254615	11.115215206249035	0	785.42763666375	14.367246120353935	36.19497264317687	4.316530416995735	2879.0189975726953	14.860058040246045	0	177.09200449984772	4.941507802938877	8.130627394381209	1.0369610361050312	652.457220894309	13.489772636813154	0	893.5321692008158	16.141286052499584	41.98299267596918	4.488505682047005	3283.1914273526904	9.510774744721378	0	23.935982371086144	55.83082794107953	40.714594795247635	5.008482673966823	2981.3026650586485	9.223727820366431	.41799181547592795	1.12212	.6234000000000001	.77925	.36901000000000034	.12468	.6234000000000001	2.545880000000001	.03117
10.08	879.0314226208781	15.712908541427074	41.03056416543103	4.571026283191593	3227.4969984964673	10.76083502079736	0	928.8823244784687	14.971752677554461	43.10994746304552	4.843464192852718	3401.1879594866464	12.650674536656668	0	957.3285534008329	14.446447518400102	44.338015578340375	4.934809004838047	3499.488230617167	9.847874227154849	0	764.8590503114103	12.996483423049783	35.47777570891019	4.016221925989853	2802.5358029455842	11.115516431593377	0	784.7412763467937	14.293869536362845	36.15959624152845	4.324116073863179	2876.7692073818657	14.860058040246045	0	176.93698034726336	4.917169658107097	8.122712743345813	1.0385807892637873	651.9413205881253	13.489772636813154	0	892.785743014204	16.055503072523994	41.94158101881574	4.49733354895023	3280.730375554759	9.510849460336098	0	23.915801666557943	55.80054406410122	40.69728836497822	5.017818016364695	2980.1285874738396	9.223727820366431	.41799181547592795	1.12212	.6234000000000001	.77925	.3690000000000003	.12468	.6234000000000001	2.5458600000000007	.03117
10.1	878.285152695394	15.631426704969334	40.990212097062404	4.579639861585503	3225.0450882385035	10.76083502079736	0	928.0728086965534	14.896734301320711	43.06774892430814	4.852550968868791	3398.565266057906	12.650674536656668	0	956.4814904665386	14.375539944806938	44.294778769451305	4.944191637630171	3496.7647934948995	9.847874227154849	0	764.1922229351841	12.930229012032354	35.443068755793874	4.02369509579204	2800.3664556668214	11.11581767326474	0	784.0564780230723	14.220815552500042	36.124245304809065	4.331691459643341	2874.52277316916	14.860058040246045	0	176.78236026850593	4.89289673993019	8.114803995156263	1.0401981404847245	651.4262165603351	13.489772636813154	0	892.0409774642455	15.970134582811044	41.900205009406214	4.506150507192445	3278.2722842158046	9.510924177124744	0	23.89566361775208	55.77035913105503	40.67996151935813	5.027149059980961	2978.9542497053826	9.223727820366431	.41799181547592795	1.12212	.6234000000000001	.77925	.3689900000000004	.12468	.6234000000000001	2.5458400000000005	.03117
10.12	877.5405916221055	15.550320169730451	40.949892839022354	4.58824246544982	3222.5964038804373	10.76083502079736	0	927.2651678053733	14.822044677365186	43.02558247344878	4.8616259031092275	3395.946272282999	12.650674536656668	0	955.6363937138929	14.304932912029923	44.251573375789384	4.953561923809221	3494.0453478818126	9.847874227154849	0	763.5269276320155	12.864273683635535	35.40838788513121	4.031158455956669	2798.2002155650503	11.116118931264449	0	783.3732329921229	14.148084088700656	36.08891985447715	4.339256582626814	2872.279680772394	14.860058040246045	0	176.62814119514834	4.868690140606136	8.106901156247542	1.0418130900563292	650.9119056948217	13.489772636813154	0	891.2978648853689	15.885177054808697	41.858864605779644	4.514956559374404	3275.817144004414	9.510998895087342	0	23.875567994187012	55.740272960648475	40.662614321192414	5.036475794547233	2977.7796534979416	9.223727820366431	.41799181547592795	1.12212	.6234000000000001	.77925	.36898000000000036	.12468	.6234000000000001	2.545820000000001	.03117
10.14	876.7977289928173	15.469587831293893	40.90960637371338	4.596834099540807	3220.1509327944364	10.76083502079736	0	926.4593928351256	14.747682262328546	42.98344811604438	4.870689003270916	3393.33096361484	12.650674536656668	0	954.793256139987	14.234623991816719	44.208399418149575	4.962919873084831	3491.329878423625	9.847874227154849	0	762.863157008355	12.798616183715591	35.3737331050412	4.038612013348279	2796.03707022925	11.116420205593833	0	782.691532739238	14.075674953676787	36.05361991166754	4.346811451033371	2870.0399161460437	14.860058040246045	0	176.47432010091165	4.844550912913207	8.099004233108168	1.043425638185117	650.3983848900625	13.489772636813154	0	890.5563981253596	15.800626658709806	41.81755976619754	4.523751708112245	3273.364945776781	9.511073614223921	0	23.85551456768098	55.71028536857813	40.645246833211424	5.0457982098190515	2976.604800588196	9.223727820366431	.41799181547592795	1.12212	.6234000000000001	.77925	.36897000000000035	.12468	.6234000000000001	2.5458000000000007	.03117
10.16	876.0565547008257	15.38922842522332	40.86935268350089	4.605414768606714	3217.7086625036704	10.76083502079736	0	925.6554751227434	14.673645335302469	42.94134585744429	4.879740277019441	3390.719325665463	12.650674536656668	0	953.952071098732	14.164610533152386	44.165256916980496	4.972265495121414	3488.618369941795	9.847874227154849	0	762.20090389986	12.733255116827394	35.33910442340203	4.0460557748245085	2793.87700736455	11.116721496254218	0	782.0113689384597	14.003587845043073	36.01834549719656	4.3543560730117115	2867.803465363905	14.860058040246045	0	176.32089400238155	4.820480070342529	8.091113232282583	1.0450357849951848	649.8856510599135	13.489772636813154	0	889.8165705558996	15.716479258723586	41.7762904491406	4.532535956037322	3270.9156805828966	9.511148334534507	0	23.835503112422074	55.68039616770921	40.62785911807045	5.055116295575779	2975.4296927051582	9.223727820366431	.41799181547592795	1.12212	.6234000000000001	.77925	.36896000000000034	.12468	.6234000000000001	2.5457800000000006	.03117
10.18	875.3170589462469	15.30924052606036	40.8291317507148	4.613984477387821	3215.26958068639	10.76083502079736	0	924.8534063184105	14.599931995902798	42.89927570277384	4.888779731989597	3388.1113442101673	12.650674536656668	0	953.112832309374	14.094889658830851	44.12214589238897	4.981598799538995	3485.9108074381043	9.847874227154849	0	761.5401613760472	12.66818894503611	35.304501847853736	4.053489747237306	2791.7200147952794	11.117022803246934	0	781.3327334555739	13.931822349442193	35.98309663156713	4.361890456639209	2865.5703146217497	14.860058040246045	0	176.16785995972484	4.796478587230608	8.083228160373524	1.0466435305277626	649.3737011343933	13.489772636813154	0	889.0783760831057	15.632730408346994	41.73505661330542	4.541309305796047	3268.4693396727334	9.51122305601913	0	23.815533405038245	55.65060516825521	40.61045123834941	5.064430041620485	2974.2543315704934	9.223727820366431	.41799181547592795	1.12212	.6234000000000001	.77925	.36895000000000033	.12468	.6234000000000001	2.545760000000001	.03117
10.2	874.5792322413477	15.229622546322444	40.788943557651066	4.622543230616468	3212.833675180002	10.76083502079736	0	924.0531783920802	14.52654016234274	42.85723765693794	4.8978073757858835	3385.507005191666	12.650674536656668	0	952.2755338650113	14.025458262026447	44.07906636414454	4.990919795914052	3483.2071760992358	9.847874227154849	0	760.8809227449456	12.60341598672897	35.26992538580094	4.06091393743413	2789.566080468015	11.117324126573308	0	780.6556183511058	13.860377942670413	35.947873334973764	4.369414609921654	2863.3404502399862	14.860058040246045	0	176.0152150774058	4.7725473988918905	8.075349024044415	1.0482488747407654	648.8625320604679	13.489772636813154	0	888.3418091580684	15.549375345636193	41.693858217601175	4.5500717600497245	3266.025914502435	9.511297778677815	0	23.795605224667362	55.620912177957464	40.5930232565525	5.073739437779826	2973.0787188988347	9.223727820366431	.41799181547592795	1.12212	.6234000000000001	.77925	.3689400000000003	.12468	.6234000000000001	2.545740000000001	.03117
10.22	873.8430654158751	15.150372735500609	40.74878808657332	4.631091033017098	3210.4009339851464	10.76083502079736	0	923.25478363999	14.453467569506019	42.81523172462466	4.906823215983015	3382.906294724238	12.650674536656668	0	951.4401702411108	13.956313002865409	44.03601835168397	5.000228493780348	3480.5074613013567	9.847874227154849	0	760.2231815577484	12.538934415426974	35.235375044415456	4.068328352259157	2787.4151924546272	11.117625466234669	0	779.9800158833132	13.789253989803116	35.91267562730773	4.376928540793	2861.1138586663183	14.860058040246045	0	175.8629565049028	4.748687401751307	8.067475830021749	1.0498518175083453	648.3521408028348	13.489772636813154	0	887.6068647873908	15.466408988477971	41.652695221146374	4.55882332147439	3263.5853967405037	9.51137250251059	0	23.775718353027244	55.59131700226477	40.57557523510785	5.083044473903939	2971.902856398104	9.223727820366431	.41799181547592795	1.12212	.6234000000000001	.77925	.36893000000000037	.12468	.6234000000000001	2.5457200000000006	.03117
10.24	873.1085496223866	15.07148917905734	40.708665319714434	4.6396278893062854	3207.971345269775	10.76083502079736	0	922.4582146911796	14.380711767020083	42.773257910308836	4.915827260126423	3380.3091990978714	12.650674536656668	0	950.6067363040241	13.887450304997406	43.993001874115805	5.009524902629769	3477.8116486147	9.847874227154849	0	759.5669316134661	12.474742258596661	35.20085083063908	4.075732998554482	2785.267338955332	11.117926822232343	0	779.3059185111822	13.718449745320372	35.877503528162066	4.384432257115103	2858.890526478402	14.860058040246045	0	175.71108143742472	4.724899453476826	8.059608585097468	1.0514523586204427	647.8425243447078	13.489772636813154	0	886.8735385437275	15.383825929861192	41.61156758326555	4.567563992760642	3261.1477782739867	9.511447227517484	0	23.75587257448571	55.56181944451297	40.5581072363672	5.092345139866322	2970.726745769829	9.223727820366431	.41799181547592795	1.12212	.6234000000000001	.77925	.36892000000000036	.12468	.6234000000000001	2.5457000000000005	.03117
10.26	872.3756763415797	14.992969797424344	40.668575239278084	4.64815380419278	3205.544897373227	10.76083502079736	0	921.663464514006	14.308270117329231	42.73131621825564	4.924819515732763	3377.7157047824167	12.650674536656668	0	949.7752273195044	13.81886635216702	43.95001695022486	5.018809031913165	3475.1197238081445	9.847874227154849	0	758.9121669635788	12.410837396461803	35.166352751186174	4.083127883161328	2783.1225083017366	11.118228194567662	0	778.633318897421	13.647964353232416	35.84235705683668	4.391925766677471	2856.6704403865083	14.860058040246045	0	175.55958711662734	4.701184373111986	8.05174729613135	1.0530504977823392	647.333679688601	13.489772636813154	0	886.1418265763228	15.3016204331482	41.570475263485946	4.576293776613489	3258.7130512146646	9.511521953698525	0	23.736067676130624	55.53241930610454	40.54061932260556	5.101641425563718	2969.550388709461	9.223727820366431	.41799181547592795	1.12212	.6234000000000001	.77925	.36891000000000035	.12468	.6234000000000001	2.545680000000001	.03117
10.28	871.6444373876215	14.914812345000392	40.628517827440355	4.656668782377538	3203.1215788103045	10.76083502079736	0	920.8705264226616	14.236139793767823	42.68940665252418	4.933799990290421	3375.1257984317326	12.650674536656668	0	948.9456389612229	13.750557084785282	43.90706359847675	5.0280808910411805	3472.4316728537947	9.847874227154849	0	758.2588819166884	12.347217560815157	35.13188081254644	4.0905130129212495	2780.980688959889	11.118529583241953	0	777.9622099114546	13.577796847205224	35.807236232343406	4.399409077197012	2854.453587236176	14.860058040246045	0	175.4084708313299	4.677542941208459	8.043891970053386	1.054646234614209	646.8256038571133	13.489772636813154	0	885.41172562155	15.219786427346262	41.529418221534286	4.585012675752175	3256.281207905239	9.511596681053739	0	23.716303447839916	55.503116386688234	40.52311155602086	5.110933320916008	2968.3737869066927	9.223727820366431	.41799181547592795	1.12212	.6234000000000001	.77925	.36890000000000034	.12468	.6234000000000001	2.5456600000000007	.03117
10.3	870.914824913479	14.83701440914912	40.58849306635131	4.6651728285537635	3200.701378275353	10.76083502079736	0	920.0793940836893	14.164317778633428	42.64752921697107	4.942768691260015	3372.5394668878334	12.650674536656668	0	948.1179673192848	13.682518196501155	43.864141837022444	5.037340489385096	3469.747481931565	9.847874227154849	0	757.6070710431719	12.283880333830188	35.09743502098755	4.097888394677334	2778.841869533324	11.118830988256544	0	777.2925846324193	13.507946150686026	35.772141073411085	4.406882196317771	2852.2399540108763	14.860058040246045	0	175.25772991823152	4.653975899958584	8.036042613866165	1.056239568650671	646.3182938937126	13.489772636813154	0	884.6832330134497	15.138317502379003	41.48839641733342	4.593720692910026	3253.852240925519	9.511671409583153	0	23.696579682351643	55.47391048433861	40.50558399873364	5.120220815866089	2967.1969420457763	9.223727820366431	.41799181547592795	1.12212	.6234000000000001	.77925	.36889000000000033	.12468	.6234000000000001	2.5456400000000006	.03117
10.32	870.1868314162493	14.759573409196863	40.54850093813658	4.673665947406939	3198.284284646335	10.76083502079736	0	919.2900615225002	14.092800861260038	42.60568391525406	4.951725626074897	3369.9566971850413	12.650674536656668	0	947.2922089087468	13.61474513077309	43.82125168370272	5.046587836277663	3467.0671374337585	9.847874227154849	0	756.9567291798332	12.220823146872835	35.06301538255786	4.10525403527541	2776.706038766116	11.119132409612764	0	776.6244363521578	13.438411077028876	35.73707159849065	4.41434513161068	2850.0295278346675	14.860058040246045	0	175.1073617626277	4.63048395332793	8.028199234647266	1.0578304993403405	645.811746863521	13.489772636813154	0	883.9563466942694	15.057206904357846	41.44740981099908	4.602417830834279	3251.42614309861	9.511746139286798	0	23.676896175334026	55.44480139573569	40.48803671278669	5.129503900379764	2966.0198558058423	9.223727820366431	.41799181547592795	1.12212	.6234000000000001	.77925	.3688800000000003	.12468	.6234000000000001	2.545620000000001	.03117
10.34	869.4604497424887	14.682486595430442	40.50854142489894	4.682148143614867	3195.8702869889094	10.76083502079736	0	918.5025231298894	14.021585636091185	42.563870750835584	4.960670802141668	3367.3774765541316	12.650674536656668	0	946.4683606781325	13.547233077440481	43.77839315605274	5.055822941013939	3464.3906259696478	9.847874227154849	0	756.3078514345561	12.158043279313192	35.0286219030891	4.112609941565254	2774.5731855459217	11.119433847311942	0	775.9577585782126	13.369190329620137	35.702027825760204	4.421797890573299	2847.822295974856	14.860058040246045	0	174.9573637991267	4.607067767187828	8.020361839551628	1.0594190260453813	645.3059598540981	13.489772636813154	0	883.2310652250013	14.976447530853422	41.40645836283657	4.611104092285926	3249.0029074971003	9.5118208701647	0	23.657252725455475	55.41578891634453	40.470469760144724	5.138782564445625	2964.8425298612174	9.223727820366431	.41799181547592795	1.12212	.6234000000000001	.77925	.36887000000000036	.12468	.6234000000000001	2.5456000000000008	.03117
10.36	868.7355244615361	14.605840162773791	40.46861451934435	4.6906194158273316	3193.4593140730726	10.76083502079736	0	917.7165825848109	13.95078708255615	42.52208972039214	4.9696042185643154	3364.8017216718695	12.650674536656668	0	945.6461521567487	13.480149574920837	43.73556625415186	5.065045801578297	3461.7178428553793	9.847874227154849	0	755.6602933200978	12.095629255580693	34.99425459086468	4.119956102549422	2772.4432522363427	11.11973530135541	0	775.2924628266472	13.300327845360327	35.66700976138933	4.429240482249172	2845.6182106195424	14.860058040246045	0	174.80772482179228	4.583732255361098	8.012530360126867	1.0610051855935312	644.8009242723026	13.489772636813154	0	882.5070384569467	14.896265885993081	41.36554205287745	4.61977947118501	3246.582410851856	9.511895602216885	0	23.63764829971582	55.38687107954449	40.452883204179614	5.148056798408798	2963.6649630673714	9.223727820366431	.41799181547592795	1.12212	.6234000000000001	.77925	.36886000000000035	.12468	.6234000000000001	2.5455800000000006	.03117
10.38	868.0120863085514	14.529608732349471	40.42872020087738	4.699079770212609	3191.0513704803484	10.76083502079736	0	916.9322828194887	13.88037174156616	42.48034082865557	4.978525884767401	3362.2294378705064	12.650674536656668	0	944.825648179185	13.4134461258994	43.69277099922803	5.0742564300125705	3459.048798036242	9.847874227154849	0	755.0140854829415	12.033555188278042	34.959913450624406	4.127292529554169	2770.3162396939515	11.120036771744493	0	774.6285636066125	13.231810767450531	35.63201742596208	4.436672913583283	2843.417268140501	14.860058040246045	0	174.65844453956885	4.5604769359974355	8.004704822619562	1.0625889677806235	644.2966386795068	13.489772636813154	0	881.7843535918324	14.816595641421493	41.32466083690927	4.628443972534107	3244.1646759146533	9.511970335443385	0	23.618082911766844	55.35804811935801	40.435277106327355	5.157326592219615	2962.4871577938657	9.223727820366431	.41799181547592795	1.12212	.6234000000000001	.77925	.36885000000000034	.12468	.6234000000000001	2.5455600000000005	.03117
10.4	867.290187394608	14.453754156076537	40.388858447382646	4.707529213782433	3188.6464695426284	10.76083502079736	0	916.1496941624781	13.810289190762326	42.43862408110534	4.9874358113201795	3359.660640692993	12.650674536656668	0	944.006951903626	13.347049569806835	43.650007414642126	5.0834548399170645	3456.383514624657	9.847874227154849	0	754.3692786266058	11.971782114487572	34.92559848652275	4.134619236436906	2768.192155525371	11.120338258480524	0	773.9660872730874	13.163619719811535	35.59705084146453	4.444095191217534	2841.2194700401133	14.860058040246045	0	174.5095239413534	4.537300683697765	7.996885264059854	1.0641703570063172	643.7931024681745	13.489772636813154	0	881.0631478639375	14.737337033741367	41.28381466813709	4.637097602600722	3241.749742187401	9.512045069844222	0	23.598556696468478	55.32932051807159	40.41765152773486	5.166591935803659	2961.3091168042483	9.223727820366431	.41799181547592795	1.12212	.6234000000000001	.77925	.36884000000000033	.12468	.6234000000000001	2.545540000000001	.03117
10.42	866.5698164424897	14.37827634058742	40.34902924128582	4.715967750958429	3186.244598848351	10.76083502079736	0	915.3688053640822	13.74053967354057	42.396939480211195	4.9963340052168395	3357.0953155435323	12.650674536656668	0	943.1900520506554	13.280960521836768	43.60727551610855	5.092641040021577	3453.721976711045	9.847874227154849	0	753.7258637435231	11.910310121891168	34.891309703651764	4.141936229405629	2766.070987472552	11.120639761564831	0	773.3050251428117	13.095754667959165	35.56211002459376	4.451507322414203	2839.0248028640326	14.860058040246045	0	174.36096034020298	4.514204174038573	7.989071689097093	1.065749353691013	643.2903126095181	13.489772636813154	0	880.3434093115686	14.658490294471457	41.24300350832455	4.645740363867107	3239.337599429144	9.512119805419427	0	23.57906943388086	55.30068800203271	40.40000653010687	5.175852819252063	2960.1308416512475	9.223727820366431	.41799181547592795	1.12212	.6234000000000001	.77925	.3688300000000003	.12468	.6234000000000001	2.5455200000000007	.03117
10.44	865.8509622356497	14.303175207590908	40.30923256502018	4.7243953861419445	3183.845746065661	10.76083502079736	0	914.5896051670361	13.671123480436684	42.35528702825156	5.0052204734097705	3354.533447893361	12.650674536656668	0	942.3749372484283	13.21517969273975	43.56457531902231	5.101815038998467	3451.0641684314814	9.847874227154849	0	753.0838318236225	11.849139334206715	34.85704710690595	4.149243514640413	2763.9527233372214	11.120941280998743	0	772.6453685887245	13.028215564300801	35.52719499177446	4.4589093143643606	2836.833253239696	14.860058040246045	0	174.21275108362593	4.491188054260788	7.9812641023092805	1.0673259582461159	642.7882660890044	13.489772636813154	0	879.6251259030745	14.580055779476417	41.20222731944985	4.654372258809658	3236.9282374318973	9.512194542169029	0	23.559620905642987	55.272150293534395	40.38234217507154	5.185109232678889	2958.9523338784034	9.223727820366431	.41799181547592795	1.12212	.6234000000000001	.77925	.3688200000000003	.12468	.6234000000000001	2.5455000000000005	.03117
10.46	865.1336136158063	14.228450697507059	40.26946840102876	4.732812123713774	3181.449898943343	10.76083502079736	0	913.8120823030821	13.602040953369944	42.31366672731672	5.0140952228096385	3351.9750232812185	12.650674536656668	0	941.5615960272502	13.149707894376343	43.521906838462584	5.110976845462915	3448.410073967516	9.847874227154849	0	752.4431738517038	11.788269914755775	34.82281070098511	4.156541098293695	2761.8373509815046	11.121242816783592	0	771.9871090386816	12.961002350620365	35.492305759163386	4.466301174187697	2834.64480787715	14.860058040246045	0	174.06489355384605	4.468252943625335	7.973462508201513	1.0689001710755428	642.2869599068425	13.489772636813154	0	878.9082855292064	14.50203397641241	41.16148606370353	4.662993289898293	3234.521646020762	9.51226928009305	0	23.54021089499931	55.243707110903244	40.36465852418014	5.194361166221028	2957.7735950202423	9.223727820366431	.41799181547592795	1.12212	.6234000000000001	.77925	.36881000000000036	.12468	.6234000000000001	2.545480000000001	.03117
10.48	864.4177594805387	14.154102773102169	40.229736731766444	4.7412179680338795	3179.0570453117484	10.76083502079736	0	913.0362254895415	13.533292489886746	42.27207857931214	5.022958260285458	3349.4200273138126	12.650674536656668	0	940.750016814155	13.084546045270272	43.479270089196405	5.12012646797316	3445.7596775459924	9.847874227154849	0	751.8038808048121	11.727702070031276	34.78860049039716	4.1638289864905405	2759.7248583285455	11.121544368920706	0	771.3302379741718	12.894114960563337	35.45744234265385	4.47368290893235	2832.4594535698743	14.860058040246045	0	173.917385168067	4.445399433768713	7.965666911204432	1.0704719925772275	641.7863910784715	13.489772636813154	0	878.1928759954794	14.42442551217275	41.1207797034862	4.671603459595828	3232.11781505405	9.512344019191525	0	23.52083918682635	55.21535816858732	40.34695563890682	5.203608610038099	2956.5946266024457	9.223727820366431	.41799181547592795	1.12212	.6234000000000001	.77925	.36880000000000035	.12468	.6234000000000001	2.5454600000000007	.03117
10.5	863.7033887808828	14.080131423123646	40.19003753970214	4.749612923441116	3176.6671730837247	10.76083502079736	0	912.2620234258891	13.464878547404203	42.23052258596161	5.031809592664673	3346.8684456662854	12.650674536656668	0	939.9401879274827	13.019695176161477	43.436665085682236	5.129263915030761	3443.1129634388662	9.847874227154849	0	751.1659436496116	11.667436053265158	34.75441647946096	4.171107185328928	2757.6152333631226	11.121845937411416	0	770.6747469290336	12.827553322121712	35.42260475788014	4.48105452557474	2830.2771771956104	14.860058040246045	0	173.77022337873643	4.42262808905855	7.957877315672656	1.0720414231446262	641.2865566350478	13.489772636813154	0	877.4788850145325	14.347231160333486	41.080108201406226	4.680202770357353	3229.7167344234012	9.512418759464477	0	23.5015055676593	55.18710317724417	40.32923358064833	5.212851554312364	2955.415430142023	9.223727820366431	.41799181547592795	1.12212	.6234000000000001	.77925	.36879000000000034	.12468	.6234000000000001	2.5454400000000006	.03117
10.52	862.9904905189269	14.006536665934977	40.15037080732088	4.757996994252954	3174.280270255546	10.76083502079736	0	911.4894647903259	13.396799647453783	42.18899874881058	5.040649226733223	3344.3202640826817	12.650674536656668	0	939.1320975714583	12.955156435559257	43.39409184207365	5.138389195080842	3440.469915963025	9.847874227154849	0	750.52935333976	11.607472167996065	34.72025867230913	4.178375700880021	2755.5084641322733	11.122147522257054	0	770.020627488172	12.761317360119023	35.387793020222006	4.48841603101939	2828.0979657171856	14.860058040246045	0	173.62340567381028	4.399939446949179	7.950093725883239	1.0736084631682252	640.7874536239326	13.489772636813154	0	876.76630019849	14.27045184859904	41.039471520277495	4.688791224629607	3227.3183940539043	9.512493500911937	0	23.482209825718616	55.158941843828735	40.311492410723794	5.222089989248621	2954.2360071474836	9.223727820366431	.41799181547592795	1.12212	.6234000000000001	.77925	.36878000000000033	.12468	.6234000000000001	2.545420000000001	.03117
10.54	862.2790537454073	13.93331855315065	40.110736517126	4.766370184765204	3171.896324907841	10.76083502079736	0	910.7185382363532	13.329056379924934	42.14750706922937	5.049477169235621	3341.775468376414	12.650674536656668	0	938.3257338307695	12.890931095295372	43.35155037222294	5.147502316512342	3437.8305194801073	9.847874227154849	0	749.8941008132833	11.547810771637021	34.68612707289089	4.185634539188442	2753.4045387459105	11.12244912345895	0	769.3678712862751	12.695406998695315	35.35300714480913	4.495767432098762	2825.921806183339	14.860058040246045	0	173.47692957701702	4.377334018337194	7.942316146034105	1.0751731130370454	640.2890791091801	13.489772636813154	0	876.0551090513219	14.19408866624783	40.998869623117116	4.697368824850356	3224.9227839042182	9.512568243533929	0	23.462951750936647	55.13087387168135	40.293732190374406	5.2313239050741105	2953.0563591190075	9.223727820366431	.41799181547592795	1.12212	.6234000000000001	.77925	.3687700000000003	.12468	.6234000000000001	2.5454000000000008	.03117
10.56	861.5690675573042	13.860477173271077	40.071134651641216	4.774732499251738	3169.5153252065247	10.76083502079736	0	909.9492323893455	13.261649407308687	42.1060475484164	5.0582934268750295	3339.23404443073	12.650674536656668	0	937.5210846651453	12.827020556077143	43.30904068968471	5.156603287658266	3435.1947583963206	9.847874227154849	0	749.2601769899496	11.488452279043091	34.652021684974876	4.192883706272553	2751.3034453774426	11.12275074101843	0	768.7164700065312	12.629822163792152	35.31824714652558	4.503108735573085	2823.7486857295467	14.860058040246045	0	173.3307926481218	4.354812287917028	7.934544580242498	1.0767353731401492	639.7914301720242	13.489772636813154	0	875.3452989612049	14.11814287157787	40.95830247314316	4.7059355734477695	3222.5298939666923	9.512642987330482	0	23.443731134984212	55.10289896061568	40.27595298076321	5.240553292038418	2951.8764875486163	9.223727820366431	.41799181547592795	1.12212	.6234000000000001	.77925	.36876000000000037	.12468	.6234000000000001	2.5453800000000006	.03117
10.58	860.8605210954377	13.788012655317544	40.03156519341282	4.78308394196421	3167.1372594037257	10.76083502079736	0	909.1815358431243	13.194579468941315	42.06462018740146	5.06709800631333	3336.695978199181	12.650674536656668	0	936.7181379039339	12.763426353040586	43.26656280771958	5.165692116795934	3432.562617162262	9.847874227154849	0	748.6275727686436	11.429397166079088	34.617942512151984	4.200123208124725	2749.205172264396	11.123052374936831	0	768.0664153793448	12.564562785637621	35.28351304001428	4.510439948130179	2821.5785915788506	14.860058040246045	0	173.18499248319097	4.332374714536512	7.926779032543426	1.078295243868145	639.2945039113671	13.489772636813154	0	874.6368571928833	14.042615899352427	40.91777003377242	4.714491472839793	3220.139714267485	9.512717732301624	0	23.42454777129724	55.07501680700671	40.258154842974825	5.249778140413376	2950.696393920347	9.223727820366431	.41799181547592795	1.12212	.6234000000000001	.77925	.36875000000000036	.12468	.6234000000000001	2.5453600000000005	.03117
10.6	860.153403542063	13.715925172467113	39.99202812501176	4.791424517131786	3164.762115838717	10.76083502079736	0	908.4154371565312	13.127847385247916	42.023224987048955	5.075890914171202	3334.161255706085	12.650674536656668	0	935.9168812406812	12.700150161303482	43.22411673929776	5.174768812147232	3429.9340802727365	9.847874227154849	0	747.9962790247408	11.370645973187203	34.58388955783817	4.207353050711623	2747.109707709031	11.12335402521548	0	767.4176991810539	12.499628801231289	35.24880483968143	4.5177610763852885	2819.41151104268	14.860058040246045	0	173.03952671485598	4.310021731552443	7.9190195068881035	1.079852725614695	638.798297444266	13.489772636813154	0	873.9297708800295	13.96750936824559	40.87727226861806	4.723036525433531	3217.752234866687	9.512792478447382	0	23.405401455103345	55.04722710387867	40.24033783801518	5.25899844049297	2949.516079710422	9.223727820366431	.41799181547592795	1.12212	.6234000000000001	.77925	.36874000000000035	.12468	.6234000000000001	2.545340000000001	.03117
10.62	859.4477041184667	13.64421494568757	39.95252342903581	4.799754228960861	3162.389882938844	10.76083502079736	0	907.6509248500017	13.061454061986053	41.98186194806114	5.0846721570281925	3331.629863046995	12.650674536656668	0	935.1173022277089	12.637193801518515	43.18170249710269	5.183833381878865	3427.309132266575	9.847874227154849	0	747.3662866074818	11.312199308954716	34.54986282527728	4.214573239974471	2745.0170400789643	11.123655691855712	0	766.7703132326465	12.435020156829234	35.21412255970107	4.525072126880913	2817.247431521679	14.860058040246045	0	172.89439301257795	4.287753747186149	7.911266007142397	1.0814078187780207	638.3028079064211	13.489772636813154	0	873.2240270176046	13.892825088287921	40.8368091414874	4.731570733624617	3215.3674458584387	9.512867225767787	0	23.386291983448434	55.019529540993005	40.222502026811256	5.268214182593239	2948.3355463874204	9.223727820366431	.41799181547592795	1.12212	.6234000000000001	.77925	.36873000000000034	.12468	.6234000000000001	2.5453200000000007	.03117
10.64	858.743412082562	13.572882247372346	39.91305108811169	4.808073081634786	3160.0205492204555	10.76083502079736	0	906.8879874021385	12.99540049448937	41.940531070981336	5.093441741422796	3329.101786389168	12.650674536656668	0	934.3193882706926	12.574559245426364	43.139320093534664	5.192885834102603	3424.687757726456	9.847874227154849	0	746.7375863373464	11.254057853681644	34.51586231754391	4.22178378182934	2742.927157807787	11.123957374858854	0	766.124249398477	12.370736810429008	35.179466214019406	4.532373106086631	2815.0863405065343	14.860058040246045	0	172.74958908291165	4.265571144879057	7.903518537085269	1.082960523762408	637.8080324526633	13.489772636813154	0	872.5196124542198	13.818565068312063	40.79638061637964	4.740094099796592	3212.9853373710525	9.512941974262862	0	23.367219155223335	54.99192380493635	40.204647470210844	5.277425357052179	2947.1547954124508	9.223727820366431	.41799181547592795	1.12212	.6234000000000001	.77925	.3687200000000003	.12468	.6234000000000001	2.5453000000000006	.03117
10.66	858.0405167264853	13.501927404975465	39.87361108489723	4.816381079313588	3157.6541032898326	10.76083502079736	0	906.1266132462847	12.929687771911237	41.89923235619726	5.102199673852523	3326.577011972029	12.650674536656668	0	933.5231266232404	12.51224862140884	43.09696954071448	5.2019261768755305	3422.069941278721	9.847874227154849	0	746.1101690034288	11.19622236294845	34.481888037546206	4.22898468216741	2740.840049395685	11.124259074226238	0	765.4794995849835	12.306778734254674	35.1448358163594	4.5396640203989325	2812.928225578798	14.860058040246045	0	172.60511266976997	4.243474283648261	7.895777100407226	1.0845108409797135	637.3139682574413	13.489772636813154	0	871.8165138844967	13.744731523398379	40.75598665748358	4.748606626320282	3210.6058995671324	9.513016723932637	0	23.348182771190377	54.9644095792085	40.18677422898225	5.2866319542296445	2945.973828239322	9.223727820366431	.41799181547592795	1.12212	.6234000000000001	.77925	.3687100000000003	.12468	.6234000000000001	2.545280000000001	.03117
10.68	857.3390073741907	13.43135080464645	39.83420340208344	4.824678226133695	3155.290533844118	10.76083502079736	0	905.3667907670975	12.864317081468336	41.857965803944175	5.110945960773976	3324.0555261076383	12.650674536656668	0	932.7285043814704	12.45026422004195	43.054650850487064	5.2109544182002985	3419.455667593198	9.847874227154849	0	745.4840253608105	11.138693671183683	34.44793998802868	4.236175946855259	2738.7557034100605	11.1245607899592	0	764.8360557394041	12.24314591724175	35.11023138022514	4.546944876141047	2810.773074411714	14.860058040246045	0	172.460961554688	4.221463498442086	7.888041700708759	1.0860587708508715	636.82061251531	13.489772636813154	0	871.1147178414283	13.671326882320534	40.71562722917534	4.7571083155531735	3208.229122643694	9.51309147477714	0	23.32918263401001	54.93698654431033	40.16888236381409	5.2958339645072545	2944.792646314714	9.223727820366431	.41799181547592795	1.12212	.6234000000000001	.77925	.36870000000000036	.12468	.6234000000000001	2.5452600000000007	.03117
10.7	856.6388733790469	13.36115289486526	39.79482802239671	4.83296452620766	3152.929829672245	10.76083502079736	0	904.6085082971217	12.799289712684304	41.816731414308194	5.119680608602926	3321.5373151811586	12.650674536656668	0	931.9355084785898	12.388608499649042	43.01236403442507	5.219970566025378	3416.8449213830168	9.847874227154849	0	744.8591461279358	11.081472695231666	34.414018171575044	4.24335758173513	2736.674108486148	11.124862522059065	0	764.1939098484934	12.179838367522228	35.07565291890637	4.554215679562772	2808.620874771046	14.860058040246045	0	172.31713355708737	4.199539100495652	7.880312341498789	1.087604313807399	636.3279624414172	13.489772636813154	0	870.4142106887394	13.598353794991143	40.675302296016085	4.765599169838787	3205.8549968322864	9.513166226796397	0	23.310218548267404	54.9096543778318	40.15097193531497	5.305031378288295	2943.611251078352	9.223727820366431	.41799181547592795	1.12212	.6234000000000001	.77925	.36869000000000035	.12468	.6234000000000001	2.5452400000000006	.03117
10.72	855.9401041214323	13.291334190077228	39.7554849286009	4.841239983623882	3150.5719796558674	10.76083502079736	0	903.851754113363	12.734607061633353	41.77552918722951	5.128403623714385	3319.022365651321	12.650674536656668	0	931.1441256794724	12.327284091853894	42.970109103832534	5.228974628245304	3414.2376874044294	9.847874227154849	0	744.2355219839852	11.024560437920174	34.38012259061106	4.250529592625212	2734.595253327637	11.125164270527168	0	763.5530539372397	12.116856114909567	35.041100445482904	4.561476436840307	2806.4716145159	14.860058040246045	0	172.1736265345405	4.177701377686445	7.872589026193112	1.0891474702929018	635.8360152719918	13.489772636813154	0	869.7149786132483	13.52581513990737	40.63501182274976	4.774079191506059	3203.4835123991097	9.513240979990437	0	23.291290320499055	54.88241275453987	40.13304300401326	5.314224185997621	2942.4296439631744	9.223727820366431	.41799181547592795	1.12212	.6234000000000001	.77925	.36868000000000034	.12468	.6234000000000001	2.5452200000000005	.03117
10.74	855.2427212994005	13.221853831688811	39.71617409248331	4.849504606469238	3148.216964720104	10.76083502079736	0	903.0965793009492	12.67020988889813	41.73435910853429	5.137115017038795	3316.5106671464487	12.650674536656668	0	930.35445510319	12.266199213321018	42.927886054624764	5.23796661851775	3411.63396900996	9.847874227154849	0	743.6131902578443	10.967908758178883	34.34625324418666	4.257691979591064	2732.5191250865614	11.125466035364843	0	762.9134868979139	12.054181330124264	35.00657394839372	4.568727169260504	2804.3252712258445	14.860058040246045	0	172.0304304060618	4.1559539921255215	7.864871755424085	1.0906882387084138	635.3447636891326	13.489772636813154	0	869.0171415001697	13.453593192555761	40.59475577289372	4.782548392544248	3201.1146717931824	9.513315734359288	0	23.272397369758664	54.85526135194903	40.11509563131289	5.323412378455039	2941.2478258606334	9.223727820366431	.41799181547592795	1.12212	.6234000000000001	.77925	.36867000000000033	.12468	.6234000000000001	2.545200000000001	.03117
10.76	854.5467108603245	13.152716942725943	39.67689549807624	4.857758398349492	3145.864774802304	10.76083502079736	0	902.3429652411434	12.606106362237918	41.69322117938615	5.1458147943746075	3314.0022059402427	12.650674536656668	0	929.5664710359815	12.205367052104087	42.88569489920913	5.246946544003331	3409.033749042306	9.847874227154849	0	742.9921365109318	10.911524146766878	34.3124101347672	4.264844749020914	2730.4457127800238	11.125767816573418	0	762.2752000921033	11.991816020848653	34.972073442945295	4.575967881215611	2802.181834066993	14.860058040246045	0	171.88754396589482	4.134296819965004	7.857160532706322	1.0922266197478034	634.8542054657577	13.489772636813154	0	868.3206707327314	13.381704332222906	40.55453411170227	4.791006774208633	3198.7484640413327	9.513390489902978	0	23.253539548532427	54.8281998388534	40.09712987747794	5.332595946088006	2940.0657982482494	9.223727820366431	.41799181547592795	1.12212	.6234000000000001	.77925	.3686600000000003	.12468	.6234000000000001	2.5451800000000007	.03117
10.78	853.8520460173388	13.083945090711396	39.637649133806754	4.866001361256592	3143.5154031147185	10.76083502079736	0	901.5908684202509	12.54232876022842	41.65211540633041	5.154502959664516	3311.4969671587946	12.650674536656668	0	928.7801031369628	12.144838345714984	42.843535655708365	5.255914409512145	3406.4370030591726	9.847874227154849	0	742.3723278168429	10.855432635709816	34.27859326594052	4.271987909542352	2728.37500613554	11.126069614154229	0	761.6381822181629	11.929769286832823	34.93759895389827	4.583198571026719	2800.041296398342	14.860058040246045	0	171.7449691977042	4.112728373339641	7.849455362518563	1.0937626149336221	634.3643402044851	13.489772636813154	0	867.6254846177316	13.310212914077065	40.51434680516142	4.799454333916716	3196.384873407573	9.513465246621534	0	23.234716865153825	54.801227879322724	40.0791458023139	5.34177487919775	2938.8835628085208	9.223727820366431	.41799181547592795	1.12212	.6234000000000001	.77925	.3686500000000003	.12468	.6234000000000001	2.5451600000000005	.03117
10.8	853.1587175544644	13.01553739676164	39.59843498215986	4.874233499343953	3141.1688385902094	10.76083502079736	0	900.8402794278983	12.478876465205644	41.611041788185105	5.1631795193090575	3308.994937686277	12.650674536656668	0	927.9953420418744	12.084612608965696	42.80140833377028	5.264870222963199	3403.8437167456664	9.847874227154849	0	741.7537565794842	10.799633595537527	34.244802639397165	4.279121466645992	2726.3069940705836	11.126371428108607	0	761.0024257203011	11.868040538672593	34.9031504925389	4.590419245194413	2797.9036460367133	14.860058040246045	0	171.60270378833155	4.091248989078936	7.841756247778674	1.0952962246888664	633.8751650437589	13.489772636813154	0	866.9315740290491	13.239117867362712	40.47419381866603	4.807891074328234	3194.023890794345	9.513540004514981	0	23.215929118315533	54.774345137935725	40.06114346606467	5.350949168309696	2937.701120927106	9.223727820366431	.41799181547592795	1.12212	.6234000000000001	.77925	.36864000000000036	.12468	.6234000000000001	2.545140000000001	.03117
10.82	852.4667163455059	12.947492970146882	39.559253025643194	4.882454816748767	3138.8250702403625	10.76083502079736	0	900.0911889266476	12.415748846578353	41.570000323606195	5.171844479679022	3306.496104489936	12.650674536656668	0	927.2121784516445	12.024689338643174	42.75931294275723	5.2738139922362866	3401.2538758720852	9.847874227154849	0	741.1364152585139	10.744126386570892	34.211038256676375	4.286245425786506	2724.241665570426	11.126673258437883	0	760.3679230903632	11.806629179650376	34.86872806990926	4.597629910179988	2795.7688708723754	14.860058040246045	0	171.46074544561495	4.069858990301017	7.834063191297397	1.0968274494513894	633.3866771349441	13.489772636813154	0	866.2389299355499	13.168418107258756	40.43407511777908	4.816316998107625	3191.6655071674804	9.513614763583352	0	23.197176107892542	54.747551276900666	40.043122928894796	5.360118803971213	2936.518473982497	9.223727820366431	.41799181547592795	1.12212	.6234000000000001	.77925	.36863000000000035	.12468	.6234000000000001	2.5451200000000007	.03117
10.84	851.7760333534835	12.879810909569388	39.520103246788565	4.89066531759196	3136.484087155957	10.76083502079736	0	899.3435876521459	12.352945261617414	41.52899101109005	5.180497847115796	3304.0004546207324	12.650674536656668	0	926.430603133364	11.965068013683503	42.71724949174876	5.2827457251725765	3398.6674662947894	9.847874227154849	0	740.5202963693713	10.688910359689912	34.17730011916873	4.2933597923825655	2722.179009688665	11.12697510514339	0	759.7346668669363	11.745534607203245	34.83433169681031	4.6048305724061445	2793.6369588692774	14.860058040246045	0	171.31909189819933	4.048558686961367	7.82637619577663	1.0983562896752899	632.8988736425539	13.489772636813154	0	865.5475434010593	13.098112535452817	40.393990668229385	4.824732107923957	3189.3097135570124	9.513689523826672	0	23.17845763494661	54.720845956143606	40.025084250889314	5.369283776751548	2935.3356233461627	9.223727820366431	.41799181547592795	1.12212	.6234000000000001	.77925	.36862000000000034	.12468	.6234000000000001	2.5451000000000006	.03117
10.86	851.0866596300646	12.81249030444188	39.48098562815345	4.8988650059781405	3134.1458785074365	10.76083502079736	0	898.5974664132721	12.29046505624522	41.488013848975875	5.189139627931694	3301.5079752139836	12.650674536656668	0	925.650606921265	11.905748095346116	42.67521798954451	5.291665429575185	3396.084473957077	9.847874227154849	0	739.9053924833056	10.63398485710183	34.14358822811881	4.300464571816803	2720.119015547752	11.127276968226463	0	759.1026496344549	11.684756214391049	34.79996138380495	4.6120212382576815	2791.5078980652875	14.860058040246045	0	171.17774089534737	4.027348376401571	7.818695263807729	1.0998827458323015	632.4117517444773	13.489772636813154	0	864.857405584337	13.028200040715571	40.353940435909195	4.8331364064508575	3186.956501057988	9.513764285244967	0	23.159773501730726	54.694228833396664	40.007027492053524	5.378444077241745	2934.152570382687	9.223727820366431	.41799181547592795	1.12212	.6234000000000001	.77925	.3686100000000003	.12468	.6234000000000001	2.545080000000001	.03117
10.88	850.3985863149962	12.74553023616589	39.44190015232248	4.907053885995556	3131.8104335453845	10.76083502079736	0	897.8528160922865	12.22830756582507	41.447068835448185	5.197769828410293	3299.018653490009	12.650674536656668	0	924.8721807176967	11.846729027387989	42.63321844466689	5.300573113209765	3393.5048848900574	9.847874227154849	0	739.2916962274059	10.579349213109225	34.109902584627825	4.307559769435753	2718.061672339522	11.127578847688433	0	758.471864022305	11.624293391364489	34.76561714122113	4.619201914082185	2789.3816765724273	14.860058040246045	0	171.03669020675005	4.006228343898064	7.811020397869795	1.101406818413181	631.9253086322066	13.489772636813154	0	864.1685077390501	12.958679499475066	40.31392438687185	4.841529896366436	3184.605860831278	9.513839047838268	0	23.141123511693575	54.66769956428632	39.98895271231279	5.387599696054567	2932.9693164499117	9.223727820366431	.41799181547592795	1.12212	.6234000000000001	.77925	.3686000000000003	.12468	.6234000000000001	2.5450600000000008	.03117
10.9	849.7118046355373	12.678929779410158	39.402846801909	4.915231961716038	3129.4777416009924	10.76083502079736	0	897.1096276449784	12.16647211595058	41.406155968539245	5.206388454806768	3296.53247675477	12.650674536656668	0	924.0953154941028	11.788010236237852	42.591250865363904	5.309468783805078	3390.9286852135265	9.847874227154849	0	738.6792002846303	10.525002754878132	34.07624318965626	4.314645390549803	2716.006969325718	11.127880743530635	0	757.8423027039307	11.564145526833245	34.73129897915488	4.626372606190724	2787.258282577107	14.860058040246045	0	170.8959376223373	3.985198863210879	7.8033516003279635	1.1029285079290982	631.4395415110646	13.489772636813154	0	863.4808412137477	12.889549776391053	40.27394248732945	4.849912580353208	3182.2577841043885	9.5139138116066	0	23.122507469483992	54.64125780242168	39.97085997151232	5.396750623824426	2931.785862899079	9.223727820366431	.41799181547592795	1.12212	.6234000000000001	.77925	.36859000000000036	.12468	.6234000000000001	2.5450400000000006	.03117
10.92	849.02630590589	12.61268800338895	39.3638255595565	4.92339923719496	3127.147792086533	10.76083502079736	0	896.3678921008145	12.104958023235044	41.36527524613151	5.21499551334823	3294.049432400515	12.650674536656668	0	923.3200022919985	11.729591131170366	42.54931525961189	5.31835244905358	3388.3558611368394	9.847874227154849	0	738.0678973938351	10.470944803206113	34.04261004402654	4.32172144043315	2713.9548958385185	11.128182655754399	0	757.2139583959377	11.504312009534024	34.69700690747342	4.633533320858541	2785.137704340364	14.860058040246045	0	170.75548095208867	3.964260197132377	7.795688873431704	1.1044478149130246	630.954447600432	13.489772636813154	0	862.7943974518338	12.820809724929285	40.233994703650495	4.8582844610980285	3179.9122621722718	9.513988576549993	0	23.103925180955414	54.614903199482704	39.952749329416974	5.405896851207303	2930.602211074969	9.223727820366431	.41799181547592795	1.12212	.6234000000000001	.77925	.36858000000000035	.12468	.6234000000000001	2.5450200000000005	.03117
10.94	848.3420815266325	12.546803973140463	39.324836407940204	4.931555716471188	3124.8205744958314	10.76083502079736	0	895.6276005630873	12.043764596100845	41.32442666596009	5.2235910102340615	3291.5695079064203	12.650674536656668	0	922.5462322239471	11.671471104480336	42.50741163511829	5.327224116612007	3385.786398959785	9.847874227154849	0	737.4577803498042	10.417174673290381	34.00900314842561	4.328787924323743	2711.905441281069	11.128484584361063	0	756.5868238571995	11.444792229698688	34.66274093581822	4.640684064325747	2783.019930198095	14.860058040246045	0	170.61531802584403	3.9434125980360055	7.788032219313103	1.1059647399211228	630.470024133975	13.489772636813154	0	862.1091679915415	12.752458187935849	40.19408100235751	4.866645541292015	3177.569286398138	9.514063342668472	0	23.085376453170355	54.58863540530856	39.93462084571108	5.415038368880675	2929.4183623160447	9.223727820366431	.41799181547592795	1.12212	.6234000000000001	.77925	.36857000000000034	.12468	.6234000000000001	2.545000000000001	.03117
10.96	847.65912298415	12.481276750805172	39.28587932976851	4.939701403567029	3122.4960784047366	10.76083502079736	0	894.8887442090629	11.982891135568844	41.283610225615185	5.23217495163625	3289.092690839233	12.650674536656668	0	921.7739964745368	11.6136495316569	42.46553999932443	5.336083794101948	3383.2202850734598	9.847874227154849	0	736.8488420032784	10.363691675495891	33.97542250340767	4.33584484742324	2709.8585951280056	11.128786529351956	0	755.9608918879619	11.385585580522326	34.628501073608064	4.64782484279801	2780.904948561295	14.860058040246045	0	170.4754466931141	3.9226563084250325	7.78038163998516	1.107479283534135	629.9862683598725	13.489772636813154	0	861.4251444659074	12.684493998211481	40.1542013501247	4.8749958236304725	3175.2288482142653	9.514138109962067	0	23.06686109440485	54.56245406798582	39.91647457999818	5.424175167543438	2928.23431795459	9.223727820366431	.41799181547592795	1.12212	.6234000000000001	.77925	.36856000000000033	.12468	.6234000000000001	2.5449800000000007	.03117
10.98	846.9774218500684	12.416105396904227	39.24695430778458	4.947836302488186	3120.174293471595	10.76083502079736	0	894.1513142901299	11.922336936047781	41.242825922544576	5.240747343699723	3286.6189688539166	12.650674536656668	0	921.0032863013587	11.55612577155775	42.42370035940829	5.344931489110425	3380.6575059611428	9.847874227154849	0	736.241075260985	10.31049511612346	33.94186810939675	4.34289221489695	2707.8143469259835	11.129088490728414	0	755.3361553289486	11.326691459631382	34.59428733004214	4.65495566244725	2778.7927479162927	14.860058040246045	0	170.3358648228912	3.9019915614813017	7.772737137340081	1.1089914463587722	629.5031775410436	13.489772636813154	0	860.7423186027439	12.616915979085912	40.11435571377564	4.88333531081282	3172.8909391228117	9.514212878430804	0	23.048378914152927	54.536358833936774	39.898310591800865	5.433307237915827	2927.0500793168544	9.223727820366431	.41799181547592795	1.12212	.6234000000000001	.77925	.3685500000000003	.12468	.6234000000000001	2.5449600000000006	.03117
11	846.2969697806848	12.351288971617777	39.20806132476774	4.955960417223711	3117.8552094377183	10.76083502079736	0	893.4153021319473	11.862101286123648	41.20207375405603	5.249308192542686	3284.148329694289	12.650674536656668	0	920.2340930359819	11.498899166583303	42.38189272228727	5.353767209190483	3378.098048199169	9.847874227154849	0	735.6344730856665	10.257584298177843	33.90833996668937	4.349930031873791	2705.772686294206	11.129390468491769	0	754.7126070604659	11.268109270551701	34.5600997141031	4.662076529412333	2776.683316824985	14.860058040246045	0	170.19657030345994	3.8814185816139632	7.765098713147565	1.1105012290291043	629.0207489553748	13.489772636813154	0	860.060682224615	12.549722944992146	40.07454406028084	4.891664005542519	3170.555550696627	9.514287648074713	0	23.029929723131062	54.5103493480077	39.88012894056055	5.442434570739348	2925.8656477231893	9.223727820366431	.41799181547592795	1.12212	.6234000000000001	.77925	.3685400000000003	.12468	.6234000000000001	2.544940000000001	.03117
11.02	845.6177585164	12.286826536063373	39.16920036353508	4.9640737517459534	3115.5388161278597	10.76083502079736	0	892.6806991345926	11.802183469349092	41.161353717319756	5.2578575042569575	3281.6807611936683	12.650674536656668	0	919.4664080849323	11.44196904285091	42.34011709462094	5.362590961861764	3375.541898457803	9.847874227154849	0	735.0290284961109	10.204958522135845	33.87483807545719	4.356958303446238	2703.7336029249504	11.129692462643359	0	754.0902400015075	11.209838424176656	34.525938234560144	4.66918744979976	2774.576643925073	14.860058040246045	0	170.0575610422077	3.8609375850082284	7.7574663690531	1.1120086322079472	628.5389798959478	13.489772636813154	0	859.3802272488081	12.48291370204081	40.03476635675548	4.899981910527	3168.2226745800613	9.514362418893821	0	23.011513333282625	54.48442525355712	39.8619296856373	5.451557156776699	2924.6810244881945	9.223727820366431	.41799181547592795	1.12212	.6234000000000001	.77925	.36853000000000036	.12468	.6234000000000001	2.5449200000000007	.03117
11.04	844.9397798811514	12.222717153574319	39.13037140694293	4.972176310010514	3113.2251034506826	10.76083502079736	0	891.9474967727106	11.74258276503281	41.12066580937089	5.266395284908302	3279.2162512755162	12.650674536656668	0	918.700222930668	11.38533471036906	42.29837348281385	5.371402754611088	3372.9890435021143	9.847874227154849	0	734.4247345671799	10.152617086714436	33.84136243574966	4.363977034670267	2701.6970865840963	11.129994473184512	0	753.4690471088607	11.151878340235234	34.49180289997208	4.676288429684363	2772.4727179303	14.860058040246045	0	169.91883496543554	3.840548780174108	7.749840106576253	1.113513656588254	628.0578676712666	13.489772636813154	0	858.7009456873092	12.416487048594464	39.995022570457	4.908289028477587	3165.8923024897786	9.514437190888152	0	22.993129557782364	54.45858619254408	39.843712886309554	5.460674986811694	2923.4962109208554	9.223727820366431	.41799181547592795	1.12212	.6234000000000001	.77925	.36852000000000035	.12468	.6234000000000001	2.5449000000000006	.03117
11.06	844.2630257818432	12.15895989097804	39.09157443788835	4.9802680959562	3110.9140613992327	10.76083502079736	0	891.215686595661	11.683298449028925	41.08001002711192	5.274921540536773	3276.7547879540784	12.650674536656668	0	917.9355291325572	11.328995463211568	42.256661893018254	5.380202594893038	3370.4394701928495	9.847874227154849	0	733.8215844298392	10.100559289638825	33.80791304749663	4.3709862305653155	2699.6631271116535	11.130296500116568	0	752.8490213762101	11.094228448760122	34.4576937186904	4.6833794751099935	2770.3715276306853	14.860058040246045	0	169.78039001816856	3.8202523684951584	7.742219927108962	1.1150163028945022	627.5774096054851	13.489772636813154	0	858.0228296467761	12.350441775841922	39.95531266878276	4.916585362109427	3163.5644262155674	9.51451196405774	0	22.97477821104084	54.43283180561642	39.82547860177401	5.469788051649183	2922.311208324686	9.223727820366431	.41799181547592795	1.12212	.6234000000000001	.77925	.36851000000000034	.12468	.6234000000000001	2.5448800000000005	.03117
11.08	843.5874882077807	12.095553819874466	39.052809439310664	4.988349113504966	3108.60568005141	10.76083502079736	0	890.4852602276674	11.624329794526412	41.03938636731512	5.283436277157033	3274.296359335029	12.650674536656668	0	917.172318327855	11.272950579691795	42.21498233113692	5.388990490130533	3367.893165487308	9.847874227154849	0	733.2195712711872	10.0487844284106	33.77448991051105	4.377985896114223	2697.631714422289	11.13059854344086	0	752.230155833244	11.036888191555821	34.4236106988624	4.690460592090217	2768.273061892761	14.860058040246045	0	169.64222416396683	3.800048544777229	7.734605831913828	1.116516571884084	627.0976030386339	13.489772636813154	0	857.3458713285124	12.284776668372588	39.91563661926769	4.924870914141411	3161.2390376211506	9.514586738402608	0	22.956459108708906	54.407161732199086	39.807226891145355	5.478896342114985	2921.12601799787	9.223727820366431	.41799181547592795	1.12212	.6234000000000001	.77925	.3685000000000003	.12468	.6234000000000001	2.544860000000001	.03117
11.1	842.9131592301003	12.032498017914376	39.01407639419297	4.99641936656188	3106.2999495704416	10.76083502079736	0	889.7562093679647	11.565676072838448	40.998794826625044	5.291939500758709	3271.840953616112	12.650674536656668	0	916.4105822326798	11.217199322536818	42.17333480282587	5.397766447715419	3365.350116440217	9.847874227154849	0	732.6186883344848	9.997291801075793	33.74109302449155	4.384976036263188	2695.602838505855	11.13090060315872	0	751.6124435447584	10.979857023666714	34.389553848434154	4.697531786609007	2766.1773096598067	14.860058040246045	0	169.50433538473584	3.7799374977972	7.726997822122405	1.118014464348695	626.6184453268489	13.489772636813154	0	856.6700630284411	12.219490504750748	39.875994389581955	4.933145687296105	3158.916128644999	9.514661513922785	0	22.93817206768215	54.38157561058232	39.78895781345609	5.487999849055804	2919.9406412334006	9.223727820366431	.41799181547592795	1.12212	.6234000000000001	.77925	.3684900000000003	.12468	.6234000000000001	2.5448400000000007	.03117
11.12	842.2400187865903	11.969788964524254	38.97537527325521	5.00447885821269	3103.996847585138	10.76083502079736	0	889.0285111732238	11.507336438777159	40.95823540110124	5.300431211600337	3269.3885448843694	12.650674536656668	0	915.6502896884786	11.161747151293048	42.13171932331016	5.406530466527815	3362.810292365234	9.847874227154849	0	732.0189184487616	9.94608013671921	33.70772238635645	4.391956653637249	2693.5764787515554	11.131202679271484	0	750.9958785151247	10.92312665321362	34.35552316754478	4.704593063254244	2764.084253279301	14.860058040246045	0	169.36672062709684	3.7599178353723426	7.719395944394926	1.1195099519098481	626.1399321425777	13.489772636813154	0	855.9953684492508	12.154589771093974	39.83638595912998	4.9414096794125415	3156.595669632863	9.514736290618298	0	22.91991675161118	54.356073428148555	39.7706714286303	5.497098563392665	2918.7550794050912	9.223727820366431	.41799181547592795	1.12212	.6234000000000001	.77925	.3684800000000003	.12468	.6234000000000001	2.5448200000000005	.03117
11.14	841.5680583590103	11.907425593020593	38.93670605881542	5.0125275922791745	3101.6963636545056	10.76083502079736	0	888.302156593992	11.449310155173032	40.91770808711185	5.308911415271448	3266.939120649943	12.650674536656668	0	914.8914311600648	11.106593680160337	42.09013589836426	5.415282553377459	3360.2736794172365	9.847874227154849	0	731.4202543256412	9.895148701701803	33.6743779954196	4.398927752968646	2691.5526246444783	11.131504771780488	0	750.3804539323604	10.866696088696582	34.321518663279235	4.711644427868693	2761.9938814382754	14.860058040246045	0	169.22937784427978	3.739989638957978	7.711800202404424	1.1210030336355201	625.6620607702765	13.489772636813154	0	855.3217783113979	12.090073710076577	39.79681129655891	4.9496628929198	3154.2776513422946	9.514811068489177	0	22.901692970391295	54.33065484272106	39.75236779559538	5.506192476017114	2917.569333801262	9.223727820366431	.41799181547592795	1.12212	.6234000000000001	.77925	.36847000000000035	.12468	.6234000000000001	2.544800000000001	.03117
11.16	840.8972780165336	11.84540866133294	38.89806874181253	5.0205655731249195	3099.3984962140744	10.76083502079736	0	887.577146837289	11.391596565733472	40.877212881224786	5.317380121311936	3264.492678409432	12.650674536656668	0	914.1340131815035	11.051734181553343	42.04858452668961	5.424022720951798	3357.7402762759893	9.847874227154849	0	730.8226960254821	9.844497162420021	33.64105985274715	4.4058893405439195	2689.5312731823956	11.131806880687066	0	749.7661623863369	10.810569762114222	34.287540347830024	4.718685887219831	2759.9061875487105	14.860058040246045	0	169.0923057409967	3.7201540829233304	7.704210567885296	1.122493728973591	625.1848296952257	13.489772636813154	0	854.6493034105014	12.025936188084621	39.757270362563865	4.9579053336542245	3151.962079699638	9.51488584753545	0	22.88350064277871	54.30531926738725	39.73404697251758	5.515281577804093	2916.383405645662	9.223727820366431	.41799181547592795	1.12212	.6234000000000001	.77925	.36846000000000034	.12468	.6234000000000001	2.5447800000000007	.03117
11.18	840.2276696040288	11.78373716722069	38.85946330486766	5.028592804550944	3097.1032352069806	10.76083502079736	0	886.8534732481656	11.334194936985254	40.83674977957753	5.325837335358625	3262.0492060981596	12.650674536656668	0	913.3780267644559	10.997168136260932	42.00706521342317	5.432750976143725	3355.2100695944364	9.847874227154849	0	730.2262365468109	9.79412480119772	33.60776795748732	4.412841421059719	2687.5124141822603	11.132109005992554	0	749.1529971139461	10.75474684798441	34.253588228028015	4.7257174471188526	2757.8211605639162	14.860058040246045	0	168.95550232338695	3.700411266744862	7.696627043476086	1.123982037556759	624.7082362639946	13.489772636813154	0	853.9779351338371	11.962176311310907	39.71776312585275	4.966137004133116	3149.6489459784752	9.51496062775714	0	22.865339583762353	54.280066352487815	39.71570901814224	5.524365859685505	2915.19729621579	9.223727820366431	.41799181547592795	1.12212	.6234000000000001	.77925	.36845000000000033	.12468	.6234000000000001	2.5447600000000006	.03117
11.2	839.5592250142494	11.722410114250255	38.820889730621865	5.036609290339091	3094.810570631905	10.76083502079736	0	886.1311272101983	11.277104537232411	40.79631877819087	5.33428306301044	3259.608691710564	12.650674536656668	0	912.623462945872	10.942895026177668	41.96557796349399	5.441467325796364	3352.683046081885	9.847874227154849	0	729.6308689177978	9.744030903291385	33.574502308680444	4.419783999169982	2685.4960375116584	11.132411147698287	0	748.5409513850193	10.699226521638481	34.21966231049889	4.732739113347341	2755.738789498134	14.860058040246045	0	168.81896561230582	3.6807612826014466	7.689049631792041	1.125467958984591	624.2322778360644	13.489772636813154	0	853.3076648901093	11.898793202437794	39.67828955528647	4.974357906864635	3147.338241476009	9.51503540915428	0	22.847209609204743	54.25489574856185	39.69735399113399	5.533445312613898	2914.0110067848814	9.223727820366431	.41799181547592795	1.12212	.6234000000000001	.77925	.3684400000000003	.12468	.6234000000000001	2.544740000000001	.03117
11.22	838.8919361865005	11.6614265129103	38.7823480017369	5.044615034251927	3092.520492542754	10.76083502079736	0	885.410100144722	11.220324637338386	40.75591987297139	5.34271730982838	3257.171123299946	12.650674536656668	0	911.8703127875309	10.88891433486695	41.924122781626615	5.4501717767031135	3350.1591925037637	9.847874227154849	0	729.0365861956299	9.69421475762252	33.541262905261455	4.4267170794857424	2683.482133088669	11.132713305805598	0	747.930018501489	10.644007960203375	34.18576260166578	4.739750891657871	2753.6590634263594	14.860058040246045	0	168.6826936430692	3.6612042158244713	7.681478335426255	1.126951492823084	623.7569517839496	13.489772636813154	0	852.6384841076276	11.835786001694414	39.6388496198773	4.982568044347425	3145.029957512512	9.515110191726894	0	22.829110535836765	54.22980710645707	39.678981950076555	5.542519927562394	2912.824538622051	9.223727820366431	.41799181547592795	1.12212	.6234000000000001	.77925	.3684300000000003	.12468	.6234000000000001	2.5447200000000008	.03117
11.24	838.2257951053068	11.600785381726993	38.74383810089596	5.0526100400326435	3090.2329910483404	10.76083502079736	0	884.6903835100632	11.16385451150822	40.715553059713834	5.351140081335503	3254.7364889782275	12.650674536656668	0	911.11856737558	10.835225548124154	41.88269967234447	5.458864335607696	3347.6384956813818	9.847874227154849	0	728.4433814658854	9.644675657510065	33.50804974606239	4.433640666574936	2681.47069088172	11.133015480315827	0	747.320191796551	10.589090343583816	34.151889107751806	4.74675278777462	2751.5819714841577	14.860058040246045	0	168.54668446519827	3.6417401453479505	7.673913156950831	1.128432638604223	623.2822554933184	13.489772636813154	0	851.9703842324852	11.773153867913912	39.59944328878729	4.990767419070226	3142.724085430787	9.51518497547501	0	22.811042181252464	54.20480007744002	39.66059295347266	5.5515896955246165	2911.6378929924435	9.223727820366431	.41799181547592795	1.12212	.6234000000000001	.77925	.3684200000000003	.12468	.6234000000000001	2.5447000000000006	.03117
11.26	837.5607937990794	11.540485748379222	38.705360010804405	5.060594311404962	3087.9480563120665	10.76083502079736	0	883.9719688007731	11.107693438070683	40.67521833410356	5.3595513830169	3252.3047769157015	12.650674536656668	0	910.368217820075	10.781828154539738	41.8413086399732	5.467545009204214	3345.1209424916824	9.847874227154849	0	727.8512478419076	9.595412901402765	33.474862829814825	4.4405547649622115	2679.4617009094527	11.133317671230305	0	746.7114646338251	10.534472855444434	34.11804183478273	4.75374480739397	2749.507502867482	14.860058040246045	0	168.41093614216425	3.622369144158622	7.666354098918017	1.1299113958255451	622.8081863631143	13.489772636813154	0	851.3033567267361	11.710895979590617	39.56007053132658	4.998956033511501	3140.4206165956166	9.515259760398658	0	22.793004363903815	54.179874313306215	39.64218705974384	5.560654607514616	2910.4510711573776	9.223727820366431	.41799181547592795	1.12212	.6234000000000001	.77925	.36841000000000035	.12468	.6234000000000001	2.5446800000000005	.03117
11.28	836.8969243387835	11.480526650813848	38.66691371419052	5.068567852073034	3085.665678551605	10.76083502079736	0	883.2548475468607	11.051840700260469	40.63491569171896	5.367951220319673	3249.875975340787	12.650674536656668	0	909.6192552545195	10.72872164606241	41.79994968864411	5.4762138041371955	3342.606519867002	9.847874227154849	0	727.260178464178	9.546425793611586	33.44170215515238	4.447459379128732	2677.4551532405753	11.13361987855037	0	746.1038304065182	10.480154684191934	34.084220788589505	4.760726956185121	2747.4356468324927	14.860058040246045	0	168.27544675113305	3.603091279746059	7.658801163861369	1.1313877639496976	622.3347418056763	13.489772636813154	0	850.6373930665729	11.6490115359373	39.520731316951824	5.0071338901390545	3138.119542393221	9.515334546497867	0	22.774996903095527	54.15502946649037	39.62376432723031	5.569714654566802	2909.264074374493	9.223727820366431	.41799181547592795	1.12212	.6234000000000001	.77925	.36840000000000034	.12468	.6234000000000001	2.544660000000001	.03117
11.3	836.2341788366052	11.420907138360935	38.62849919380622	5.076530665721339	3083.3858480385798	10.76083502079736	0	882.5390113130255	10.996295587000345	40.594645128033875	5.376339598652922	3247.450072539782	12.650674536656668	0	908.8716708354053	10.675905518562239	41.75862282229751	5.4848707270016455	3340.0952147948283	9.847874227154849	0	726.6701664996907	9.49771364504211	33.40856772061316	4.454354513511989	2675.4510379937255	11.13392210227736	0	745.4972825365851	10.426135023957237	34.05042597481092	4.767699239790695	2745.366392695374	14.860058040246045	0	168.14021438271	3.5839066145527747	7.651254354296892	1.132861742403999	621.8619192468609	13.489772636813154	0	849.9724847405049	11.587499757942364	39.48142561526453	5.015300991409654	3135.8208542307107	9.51540933377266	0	22.757019618979818	54.13026519017661	39.605324814190844	5.578769827735867	2908.076903897897	9.223727820366431	.41799181547592795	1.12212	.6234000000000001	.77925	.36839000000000033	.12468	.6234000000000001	2.5446400000000007	.03117
11.32	835.5725494446194	11.361626272849012	38.59011643242782	5.084482756014592	3081.108555098248	10.76083502079736	0	881.8244516978916	10.94105739368334	40.554406638420026	5.384716523387707	3245.0270568566175	12.650674536656668	0	908.1254557417516	10.623379272393816	41.717328044686134	5.493515784343093	3337.5870143175557	9.847874227154849	0	726.0812051413262	9.449275773926939	33.375459524642324	4.461240172505599	2673.4493453373293	11.134224342412608	0	744.8918144738907	10.37241307557766	34.01665739889615	4.774661663827337	2743.2997298321534	14.860058040246045	0	168.0052371406846	3.5648152064243344	7.6437136727242	1.13433333058	621.3897161261618	13.489772636813154	0	849.3086232475357	11.526359889427095	39.44215339600945	5.023457339768646	3133.5245435355423	9.515484122223066	0	22.739072332551217	54.10558113840863	39.5868685788026	5.5878201180967135	2906.8895609783126	9.223727820366431	.41799181547592795	1.12212	.6234000000000001	.77925	.3683800000000003	.12468	.6234000000000001	2.5446200000000005	.03117
11.34	834.9120283534567	11.302683129720274	38.55176541285674	5.09242412659764	3078.833790109182	10.76083502079736	0	881.1111603332394	10.886125422954882	40.51420021814942	5.393081999857041	3242.606916692611	12.650674536656668	0	907.3806011746449	10.571142412959357	41.67606535937846	5.502148982657644	3335.081905532243	9.847874227154849	0	725.4932876072246	9.401111506558077	33.34237756559441	4.468116360459123	2671.4500654894587	11.134526598957452	0	744.2874196953717	10.31898804757903	33.98291506610739	4.781614233886332	2741.2356476785194	14.860058040246045	0	167.87051314177504	3.5458171090594517	7.636179121627656	1.1358025278330437	620.918129896832	13.489772636813154	0	848.6458000953403	11.465591198102837	39.402914629072974	5.031602937649584	3131.2306017549713	9.515558911849116	0	22.72115486564133	54.080976966199906	39.56839567916099	5.596865516744386	2905.7020468632213	9.223727820366431	.41799181547592795	1.12212	.6234000000000001	.77925	.3683700000000003	.12468	.6234000000000001	2.544600000000001	.03117
11.36	834.2526077909706	11.244076799145851	38.51344611792027	5.100354781095369	3076.5615435029495	10.76083502079736	0	880.3991288832395	10.831498985494978	40.47402586239677	5.401436033355862	3240.1896405062184	12.650674536656668	0	906.6370983567792	10.519194451271861	41.63483476976218	5.510770328392031	3332.5798755903716	9.847874227154849	0	724.9064071401599	9.353220178019345	33.309321841735965	4.474983081677866	2669.4531887176922	11.134828871913228	0	743.6840917041985	10.265859157157866	33.94919898152243	4.7885569555342045	2739.1741357296382	14.860058040246045	0	167.73604051537308	3.526912372460102	7.62865070347753	1.1372693334818262	620.4471580260041	13.489772636813154	0	847.9840067984436	11.405192976628237	39.363709284481445	5.039737787473842	3128.939020355509	9.515633702650835	0	22.70326704091364	54.05645232964388	39.54990617327953	5.605906014793993	2904.5143627970137	9.223727820366431	.41799181547592795	1.12212	.6234000000000001	.77925	.36836000000000035	.12468	.6234000000000001	2.5445800000000007	.03117
11.38	833.5942800209054	11.18580638714103	38.4751585304723	5.108274723112602	3074.291805763798	10.76083502079736	0	879.688349043686	10.777177400800376	40.43388356624196	5.409778629141013	3237.775216812791	12.650674536656668	0	905.8949385319952	10.467534904518233	41.59363627904751	5.519379827943662	3330.0809116976006	9.847874227154849	0	724.320557006914	9.30560113291876	33.2762923512479	4.481840340422686	2667.4587053389732	11.135131161281272	0	743.0818240289368	10.21302563116351	33.91550915003725	4.795489834313329	2737.115183539975	14.860058040246045	0	167.60181740328863	3.5081010433816253	7.6211284207311465	1.1387337468079575	619.9767979948114	13.489772636813154	0	847.3232348763976	11.345164543666451	39.32453733239959	5.047861891650241	3126.649790822374	9.51570849462825	0	22.685408681858295	54.03200688602417	39.5314001190897	5.61494160338064	2903.326510021134	9.223727820366431	.41799181547592795	1.12212	.6234000000000001	.77925	.36835000000000034	.12468	.6234000000000001	2.5445600000000006	.03117
11.4	832.937037341563	11.127871016680512	38.436902633394055	5.116183956233999	3072.0245674283337	10.76083502079736	0	878.9788125412288	10.723159997966755	40.39377332467241	5.418109792431217	3235.363634184325	12.650674536656668	0	905.1541129648206	10.416163296622436	41.552469890270615	5.52797748766067	3327.585001113527	9.847874227154849	0	723.7357304976497	9.258253726120964	33.24328909222805	4.488688140909798	2665.4666057194704	11.13543346706292	0	742.4806102227093	10.16048670708031	33.881845576368654	4.802412875742536	2735.0587807231086	14.860058040246045	0	167.46784195949462	3.4893831657828374	7.613612275834037	1.140195767055521	619.507047298509	13.489772636813154	0	846.6634758519594	11.28550524494238	39.28539874312888	5.055975252574662	3124.3629046589504	9.51578328778139	0	22.66757961278688	54.00764029392475	39.51287757444082	5.62397227365935	2902.138489774226	9.223727820366431	.41799181547592795	1.12212	.6234000000000001	.77925	.36834000000000033	.12468	.6234000000000001	2.5445400000000005	.03117
11.42	832.2808720844702	11.070269828813627	38.39867840959484	5.124082484023964	3069.759819085203	10.76083502079736	0	878.270511132607	10.669446116470848	40.353695132585536	5.426429528407057	3232.954881249217	12.650674536656668	0	904.4146129400095	10.365079158808602	41.511335606296974	5.536563313841964	3325.0921311514394	9.847874227154849	0	723.1519209252855	9.211177323479586	33.210312062693625	4.495526487310588	2663.4768802744343	11.135735789259513	0	741.8804438623578	10.108241634009733	33.84820826505681	4.809326085317716	2733.0049169515514	14.860058040246045	0	167.33411234987148	3.47075878127613	7.606102271221089	1.1416553934306348	619.0379034465947	13.489772636813154	0	846.0047212492689	11.226214454299855	39.24629348710588	5.064077872629674	3122.0783533862377	9.515858082110284	0	22.64977965882722	53.98335221334015	39.49433859709987	5.632998016805002	2900.950303292281	9.223727820366431	.41799181547592795	1.12212	.6234000000000001	.77925	.3683300000000003	.12468	.6234000000000001	2.544520000000001	.03117
11.44	831.625776613046	11.013001983779587	38.36048584201274	5.131970310026542	3067.4975513747763	10.76083502079736	0	877.5634366038825	10.616035106952639	40.31364898479116	5.434737842210959	3230.5489466920185	12.650674536656668	0	903.6764297620824	10.314282030164179	41.47023342982477	5.545137312737279	3322.602289178078	9.847874227154849	0	722.5691216248684	9.164371302569661	33.17736126058364	4.502355383751414	2661.4895194680594	11.136038127872384	0	741.2813185476047	10.056289673652548	33.814597220467896	4.816229468512432	2730.9535819565685	14.860058040246045	0	167.20062675195197	3.452227929577581	7.5985984093176935	1.1431126251010133	618.5693639629299	13.489772636813154	0	845.346962592026	11.167291574758881	39.20722153490065	5.072169754184149	3119.7961285423103	9.515932877614958	0	22.63200864591817	53.95914230578563	39.47578324475135	5.642018824012245	2899.7619518087845	9.223727820366431	.41799181547592795	1.12212	.6234000000000001	.77925	.3683200000000003	.12468	.6234000000000001	2.5445000000000007	.03117
11.46	830.9717433212696	10.956066662122721	38.32232491361543	5.139847437765325	3065.2377549888274	10.76083502079736	0	876.8575807696719	10.562926331997518	40.27363487601391	5.443034738947164	3228.145819253187	12.650674536656668	0	902.9395547548656	10.263771458203065	41.42916336338828	5.553699490547225	3320.1154626133894	9.847874227154849	0	721.9873259529485	9.117835053420022	33.14443668376145	4.509174834313416	2659.504513813341	11.136340482902872	0	740.6832279002148	10.00463010129096	33.78101244679665	4.823123030778523	2728.9047655279924	14.860058040246045	0	167.06738335466585	3.4337906489570567	7.591100692540902	1.144567461195525	618.1014263858606	13.489772636813154	0	844.6901914016688	11.108736039572834	39.16818285721507	5.080250899592888	3117.516221681767	9.51600767429544	0	22.614266400804368	53.93501023440743	39.45721157499716	5.65103468649544	2898.5734365548606	9.223727820366431	.41799181547592795	1.12212	.6234000000000001	.77925	.3683100000000003	.12468	.6234000000000001	2.5444800000000005	.03117
11.48	830.3187646323466	10.899463065807725	38.28419560740086	5.147713870743346	3062.980420670216	10.76083502079736	0	876.1529354723814	10.510119166918464	40.2336528008957	5.451320223681706	3225.7454877288405	12.650674536656668	0	902.203979261032	10.213546999428758	41.38812540936123	5.562249853423336	3317.631638930287	9.847874227154849	0	721.4065272869525	9.071567979245708	33.11153833001723	4.515984843032321	2657.521853871937	11.136642854352312	0	740.0861655631572	9.953262206770786	33.74745394806904	4.830006777546709	2726.8584575140453	14.860058040246045	0	166.93438035808455	3.4154469766883273	7.5836091233005725	1.146019900803756	617.6340882683387	13.489772636813154	0	844.0343991955517	11.050547313285712	39.12917742488133	5.088321311196234	3115.238624375191	9.516082472151757	0	22.596552751031073	53.910955664092896	39.43862364535646	5.660045595488575	2897.3847587594214	9.223727820366431	.41799181547592795	1.12212	.6234000000000001	.77925	.36830000000000035	.12468	.6234000000000001	2.544460000000001	.03117
11.5	829.6668570464612	10.843172134809288	38.24609789676971	5.155569615500897	3060.7255460641336	10.76083502079736	0	875.4495231083362	10.457592850752096	40.19370274326092	5.459594306691201	3223.3479518824993	12.650674536656668	0	901.4697400844166	10.163581101633495	41.34711955952373	5.570788414627371	3315.150823888175	9.847874227154849	0	720.8267433088754	9.025551762199097	33.07866618185259	4.52278542436466	2655.5415372372945	11.136945242222044	0	739.4901372074055	9.902174566714848	33.713921726943944	4.836880708214035	2724.8146495125006	14.860058040246045	0	166.8016177150495	3.397194355906884	7.576123707277507	1.1474699460655955	617.1673468302245	13.489772636813154	0	843.3796460205616	10.992682068306772	39.09020520602072	5.096380999390223	3112.9633533640995	9.516157271183939	0	22.578867687562948	53.88697787509025	39.42001951410736	5.669051542218828	2896.195919333983	9.223727820366431	.41799181547592795	1.12212	.6234000000000001	.77925	.36829000000000034	.12468	.6234000000000001	2.5444400000000007	.03117
11.52	829.0160194418679	10.7871882509059	38.20803176222019	5.163414676313462	3058.4731238381796	10.76083502079736	0	874.7473436978621	10.40534142380681	40.153784694735585	5.4678569943621635	3220.9532035250563	12.650674536656668	0	900.7368406984641	10.11386612354326	41.306145813160974	5.57931518211828	3312.673009918032	9.847874227154849	0	720.2479738992182	8.979781113951782	33.045820232868536	4.529576585040363	2653.5635564265463	11.137247646513405	0	738.8951397116198	9.851363647612402	33.68041578679787	4.843744826570421	2722.773331937957	14.860058040246045	0	166.66909411074684	3.379032132967661	7.56864444774279	1.1489175968131453	616.7011995614732	13.489772636813154	0	842.7259416209229	10.935128437322948	39.051266170965285	5.104429968633102	3110.6904069444618	9.516232071392011	0	22.561211082812704	53.863076433236415	39.40139923882714	5.678052517952216	2895.0069194195476	9.223727820366431	.41799181547592795	1.12212	.6234000000000001	.77925	.36828000000000033	.12468	.6234000000000001	2.5444200000000006	.03117
11.54	828.3662252055492	10.731525220845128	38.16999719449875	5.171249054191187	3056.2231394404535	10.76083502079736	0	874.0463648971971	10.35338032074226	40.113898658262514	5.4761082874737665	3218.5612229445164	12.650674536656668	0	900.0052363784996	10.064423207517711	41.26520418048108	5.5878301562099955	3310.198170156721	9.847874227154849	0	719.6701931913913	8.934269578685566	33.01300049274665	4.5363583206383264	2651.5878965956913	11.137550067227732	0	738.3011572328352	9.800837316874954	33.64693613212041	4.85059914276657	2720.7344934683056	14.860058040246045	0	166.53680639256942	3.360962406426802	7.561171344486826	1.150362849559331	616.2356443360488	13.489772636813154	0	842.0732230140026	10.877920025012077	39.01236029318506	5.112468214804555	3108.4197567361666	9.516306872776003	0	22.543582637431022	53.839251316513185	39.382762876116615	5.6870485140021545	2893.8177604899092	9.223727820366431	.41799181547592795	1.12212	.6234000000000001	.77925	.3682700000000003	.12468	.6234000000000001	2.544400000000001	.03117
11.56	827.717468059198	10.676181434937819	38.13199417625346	5.179072752705846	3053.975584155402	10.76083502079736	0	873.3465801689953	10.301707974438107	40.07404462764334	5.484348191199804	3216.1719996993506	12.650674536656668	0	899.2749207958535	10.015250604247926	41.22429466273093	5.596333343213968	3307.7262931925507	9.847874227154849	0	719.0933958466597	8.889015738501334	32.98020695825293	4.543130635530737	2649.6145488465922	11.137852504366363	0	737.7081840870686	9.750594399353018	33.61348276622852	4.857443661856034	2718.698124267535	14.860058040246045	0	166.40475288914993	3.3429850852091154	7.553704400065025	1.1518057033857396	615.7706787492534	13.489772636813154	0	841.4214850878568	10.821054303869102	38.97348754387577	5.120495740584309	3106.151395618146	9.516381675335941	0	22.525982190193552	53.815502178671174	39.36411048320429	5.696039521679128	2892.6284437509244	9.223727820366431	.41799181547592795	1.12212	.6234000000000001	.77925	.3682600000000003	.12468	.6234000000000001	2.5443800000000008	.03117
11.58	827.0697418150264	10.621155258824945	38.09402269013917	5.186885775416805	3051.730449336325	10.76083502079736	0	872.6479830861244	10.250322777475347	40.0342225965787	5.492576710690587	3213.7855234332915	12.650674536656668	0	898.5458877668084	9.966346499602405	41.183417260984356	5.6048247494130505	3305.2573677171044	9.847874227154849	0	718.5175766126545	8.84401814223458	32.94743962604953	4.549893534072979	2647.643504348803	11.138154957930636	0	737.1162146412805	9.70063370905529	33.58005569227999	4.864278388857291	2716.6642145618944	14.860058040246045	0	166.2729319439084	3.3251000721651494	7.546243617040624	1.1532461573412092	615.3063004106165	13.489772636813154	0	840.7707229110065	10.764528661956888	38.9346478943472	5.128512548658543	3103.885316553669	9.516456479071854	0	22.508409581109994	53.79182867466101	39.345442117237596	5.705025532312815	2891.4389704060764	9.223727820366431	.41799181547592795	1.12212	.6234000000000001	.77925	.3682500000000003	.12468	.6234000000000001	2.5443600000000006	.03117
11.6	826.423040376105	10.566445033320989	38.05608271881756	5.194688125871141	3049.487726405534	10.76083502079736	0	871.9505673330223	10.199223081516866	39.994432558669956	5.500793851073289	3211.401783875846	12.650674536656668	0	897.8181312552996	9.917709013303888	41.1425719761447	5.613304381062051	3302.791382526264	9.847874227154849	0	717.9427303244344	8.799275304954177	32.914698492696225	4.556647020604173	2645.6747543399106	11.138457427921889	0	736.5252433133708	9.6509540493845	33.54665491327586	4.871103328753932	2714.6327546398225	14.860058040246045	0	166.14134191491777	3.3073072643408876	7.538788997986052	1.1546842104416029	614.8425069439919	13.489772636813154	0	840.1209317353816	10.708340400984609	38.895841316021404	5.136518641720075	3101.621512591543	9.516531283983769	0	22.490864651430204	53.76823046071663	39.32675783528274	5.714006537252018	2890.249341656603	9.223727820366431	.41799181547592795	1.12212	.6234000000000001	.77925	.36824000000000034	.12468	.6234000000000001	2.5443400000000005	.03117
11.62	825.7773577367033	10.512049074257366	38.01817424495721	5.2024798076037575	3047.247406854512	10.76083502079736	0	871.2543267070527	10.148407196688066	39.954674507420805	5.5089996174522895	3209.0207708428084	12.650674536656668	0	897.0916453756159	9.869336197606213	41.10175880894755	5.621772244388275	3300.3283265212367	9.847874227154849	0	717.3688519055504	8.754785707461178	32.881983554651775	4.563391099447707	2643.708290125881	11.138759914341462	0	735.9352645721768	9.60155421337331	33.51328043206297	4.877918486494856	2712.6037348518894	14.860058040246045	0	166.00998117477008	3.289606553247455	7.531340545484317	1.156119861669586	614.3792959876545	13.489772636813154	0	839.4721069992662	10.652486734386224	38.85706778043085	5.144514022468536	3099.3599768673203	9.516606090071713	0	22.473347243650277	53.74470719443858	39.308057694324695	5.722982527864587	2889.0595587016182	9.223727820366431	.41799181547592795	1.12212	.6234000000000001	.77925	.36823000000000033	.12468	.6234000000000001	2.544320000000001	.03117
11.64	825.1326879826302	10.457965672325825	37.980297251233665	5.210260824137492	3045.009482244069	10.76083502079736	0	870.5592551198628	10.097873390957426	39.914948436239015	5.517194014909515	3206.642474236772	12.650674536656668	0	896.3664243951001	9.821226035971158	41.060977759963336	5.630228345592079	3297.868188709579	9.847874227154849	0	716.7959363691075	8.7105477957876	32.84929480827538	4.570125774911774	2641.7441030814034	11.139062417190692	0	735.3462729374696	9.552432983920195	33.47993225133651	4.884723866994451	2710.5771456107295	14.860058040246045	0	165.87884811044202	3.271997825130816	7.523898262130381	1.1575531099744	613.9166651943973	13.489772636813154	0	838.8242443302435	10.596964785398898	38.81832725921663	5.152498693610561	3097.1007026045013	9.516680897335716	0	22.455857201518658	53.72125853487738	39.28934175126706	5.731953495537343	2887.869622738239	9.223727820366431	.41799181547592795	1.12212	.6234000000000001	.77925	.3682200000000003	.12468	.6234000000000001	2.5443000000000007	.03117
11.66	824.4890252915739	10.404193092921863	37.94245172032955	5.218031178983237	3042.773944204503	10.76083502079736	0	869.8653465987386	10.047619889517126	39.87525433843806	5.525377048504785	3204.2668840476445	12.650674536656668	0	895.6424627368501	9.7733764417453	41.02022882960003	5.638672690847412	3295.4109582062247	9.847874227154849	0	716.2239788188284	8.66655998069523	32.8166322498281	4.5768510512899025	2639.782184650238	11.139364936470917	0	734.7582629799516	9.503589134025333	33.44661037364247	4.8915194751327835	2708.5529773909775	14.860058040246045	0	165.7479411231611	3.254480961241484	7.516462150532541	1.1589839542716391	613.454612231628	13.489772636813154	0	838.1773395481404	10.541771585141452	38.77961972412659	5.160472657859957	3094.8436831157405	9.516755705775804	0	22.43839437004225	53.69788414261676	39.270610062932	5.740919431676005	2886.679534961708	9.223727820366431	.41799181547592795	1.12212	.6234000000000001	.77925	.3682100000000003	.12468	.6234000000000001	2.5442800000000005	.03117
11.68	823.8463639334414	10.350729575988119	37.904637634934545	5.22579087564005	3040.540784435755	10.76083502079736	0	869.1725952879623	9.997644874163594	39.83559220723883	5.533548723276152	3201.893990353154	12.650674536656668	0	894.9197549824191	9.72578525683685	40.9795120181058	5.647105286302369	3292.956624234507	9.847874227154849	0	715.6529744501158	8.622820637174392	32.78399587547425	4.5835669328615	2637.8225263455565	11.139667472183477	0	734.171229321253	9.455021427026464	33.4133148013802	4.898305315755794	2706.531220729204	14.860058040246045	0	165.61725862827123	3.2370558381042103	7.509032213313803	1.1604123934430248	612.9931347814654	13.489772636813154	0	837.5313886679729	10.486904070692782	38.74094514701355	5.168435917937902	3092.588911804048	9.516830515392005	0	22.420958595492483	53.674583679857015	39.251862686060164	5.74988032770512	2885.489296565521	9.223727820366431	.41799181547592795	1.12212	.6234000000000001	.77925	.3682000000000003	.12468	.6234000000000001	2.544260000000001	.03117
11.7	823.2046982706995	10.297573335857782	37.86685497774555	5.233539917595272	3038.3099947075693	10.76083502079736	0	868.480995450168	9.947946482678132	39.79596203577126	5.54170904424025	3199.52378331937	12.650674536656668	0	894.1982958745165	9.678450250392494	40.93882732557163	5.655526138079737	3290.5051761271866	9.847874227154849	0	715.0829185511163	8.57932810394276	32.751385681282805	4.590273423892381	2635.86511975029	11.139970024329712	0	733.5851666339289	9.406728616834798	33.38004553680491	4.905081393675476	2704.511866223853	14.860058040246045	0	165.48679905509877	3.2197223277876965	7.501608453113265	1.1618384263361823	612.5322305408368	13.489772636813154	0	836.8863879028905	10.43235908317031	38.70230349983344	5.176388476573114	3090.3363821639955	9.516905326184347	0	22.403549725411438	53.65135681049832	39.23309967731058	5.758836175067982	2884.298908741547	9.223727820366431	.41799181547592795	1.12212	.6234000000000001	.77925	.36819000000000035	.12468	.6234000000000001	2.5442400000000007	.03117
11.72	822.5640227587147	10.244722561098001	37.82910373146667	5.241278308324639	3036.081566859651	10.76083502079736	0	867.7905414676986	9.898522808207481	39.75636381707605	5.549858016392633	3197.1562532012076	12.650674536656668	0	893.4780803197087	9.631369117474247	40.89817475193402	5.663935252277541	3288.056603327476	9.847874227154849	0	714.5138065037822	8.536080682944126	32.71880166322889	4.596970528635302	2633.9099565174724	11.140272592910957	0	733.0000696414567	9.358709448170874	33.34680258203015	4.911847713670076	2702.494904535175	14.860058040246045	0	165.35656084681827	3.2024802981742893	7.4941908725874935	1.163262051764415	612.0718972215747	13.489772636813154	0	836.2423336671212	10.37813336580841	38.66369475464353	5.184330336502038	3088.0860877829205	9.516980138152856	0	22.386167608617935	53.62820320022401	39.21432109326057	5.7677869652265645	2883.108372680158	9.223727820366431	.41799181547592795	1.12212	.6234000000000001	.77925	.36818000000000034	.12468	.6234000000000001	2.5442200000000006	.03117
11.74	821.9243319460927	10.192175414353297	37.79138387880935	5.249006051292395	3033.855492801825	10.76083502079736	0	867.1012278439622	9.849371898644437	39.71679754410632	5.557995644708121	3194.7913903429476	12.650674536656668	0	892.7591033911198	9.584539477736309	40.85755429697764	5.672332634969592	3285.6108953900657	9.847874227154849	0	713.9456337849356	8.493076638847219	32.686243817195106	4.603658251330503	2631.9570283705875	11.140575177928556	0	732.4159331182326	9.310962656800468	33.3135859390304	4.918604280484269	2700.4803263851645	14.860058040246045	0	165.2265424603184	3.1853296132296887	7.486779474411901	1.1646832685064805	611.6121325505128	13.489772636813154	0	835.5992225789169	10.324223562036869	38.62511888360056	5.192261500469026	3085.83802234213	9.517054951297563	0	22.368812095213638	53.605122516583926	39.19552699040571	5.776732689661439	2881.9176895703504	9.223727820366431	.41799181547592795	1.12212	.6234000000000001	.77925	.36817000000000033	.12468	.6234000000000001	2.5442000000000005	.03117
11.76	821.2856204750194	10.139930032188955	37.75369540249241	5.25672314995141	3031.631764514193	10.76083502079736	0	866.4130492047885	9.800491756008412	39.67726320972928	5.56612193414114	3192.429185178743	12.650674536656668	0	892.0413603311317	9.53795887410189	40.81696596033795	5.68071829220604	3283.1680419821487	9.847874227154849	0	713.3783959673303	8.450314198544467	32.653712138973	4.610336596206237	2630.0063271039107	11.140877779383846	0	731.8327518895692	9.263486969770454	33.28039560964352	4.925351098829356	2698.4681225574964	14.860058040246045	0	165.09674236606787	3.1682701332726424	7.4793742612821275	1.1661020753063664	611.1529342695839	13.489772636813154	0	834.9570514634971	10.270626213559295	38.5865758589589	5.200181971226521	3083.592179618106	9.517129765618495	0	22.351483036589144	53.58211442907769	39.176717425159666	5.785673339871706	2880.7268605998693	9.223727820366431	.41799181547592795	1.12212	.6234000000000001	.77925	.3681600000000003	.12468	.6234000000000001	2.5441800000000008	.03117
11.78	820.6478830816002	10.087984524934438	37.71603828524212	5.264429607743295	3029.410374047291	10.76083502079736	0	865.7260002997851	9.751880335826046	39.637760806727925	5.574236889626073	3190.069628233134	12.650674536656668	0	891.3248465540859	9.49162477144007	40.776409741503905	5.689092230013916	3280.7280328844467	9.847874227154849	0	712.8120887207158	8.407791550650805	32.62120662426449	4.617005567479305	2628.0578445828564	11.141180397278164	0	731.2505208316917	9.216281105644693	33.247231595573254	4.932088173383452	2696.458283897459	14.860058040246045	0	164.96715904798108	3.151301715244651	7.471975235915413	1.1675184708730653	610.6943001359156	13.489772636813154	0	834.3158173559953	10.217337758431569	38.54806565306882	5.208091751535237	3081.3485534837073	9.517204581115678	0	22.33418028543008	53.55917860923805	39.157892453854174	5.79460890737492	2879.535886955335	9.223727820366431	.41799181547592795	1.12212	.6234000000000001	.77925	.3681500000000003	.12468	.6234000000000001	2.5441600000000006	.03117
11.8	820.0111145962006	10.036336976526789	37.67841250979225	5.2721254280985095	3027.1913135222485	10.76083502079736	0	865.0400760036945	9.703535546511775	39.59829032780268	5.582340516077595	3187.7127101215615	12.650674536656668	0	890.6095576489828	9.445534555242642	40.73588563982057	5.697454454397681	3278.2908579922355	9.847874227154849	0	712.2467078128993	8.365506845002448	32.58872726868324	4.623665169355595	2626.111572744321	11.141483031612855	0	730.6692348717355	9.169343774739913	33.21409389839181	4.938815508791672	2694.450801311892	14.860058040246045	0	164.83779100328425	3.134424212979669	7.464582401051982	1.1689324538803503	610.236227921928	13.489772636813154	0	833.6755175044024	10.16435452914028	38.50958823837453	5.2159908441643426	3079.107137909376	9.517279397789139	0	22.316903695723223	53.536314730714174	39.13905213273893	5.803539383707016	2878.3447698223677	9.223727820366431	.41799181547592795	1.12212	.6234000000000001	.77925	.3681400000000003	.12468	.6234000000000001	2.5441400000000005	.03117
11.82	819.3753099437864	9.98498544435405	37.64081805888417	5.279810614436483	3024.9745751309483	10.76083502079736	0	864.3552713177498	9.655455248748455	39.55885176557311	5.59043281839102	3185.358421550878	12.650674536656668	0	889.8954893821838	9.39968553030096	40.69539365449183	5.705804971339776	3275.856507316371	9.847874227154849	0	711.6822491108095	8.32345819215572	32.55627406775612	4.630315406030615	2624.1675035970306	11.141785682389255	0	730.0888889877433	9.122673679361602	33.18098251954232	4.945533109666317	2692.4456657691235	14.860058040246045	0	164.70863674238103	3.117637477473809	7.457195759456422	1.1703440229665505	609.77871541543	13.489772636813154	0	833.0361493725129	10.111672750681175	38.4711435874125	5.223879251891638	3076.8679269643426	9.517354215638909	0	22.299653122762567	53.51352246935494	39.12019651798151	5.812464760422229	2877.153510385709	9.223727820366431	.41799181547592795	1.12212	.6234000000000001	.77925	.36813000000000035	.12468	.6234000000000001	2.544120000000001	.03117
11.84	818.7404641442632	9.93392795909865	37.6032549152669	5.287485170165727	3022.7601511361813	10.76083502079736	0	863.6715813710318	9.607637254867914	39.51944511257957	5.598513801442644	3183.0067533198608	12.650674536656668	0	889.1826377001108	9.354074919382782	40.65493378458298	5.714143786801168	3273.424970984313	9.847874227154849	0	711.1187085815591	8.28164366288579	32.523847016924606	4.636956281690025	2622.225629221882	11.142088349608706	0	729.5094782086613	9.076269514039875	33.14789746034136	4.952240980587073	2690.442868298902	14.860058040246045	0	164.57969478871857	3.100941357155038	7.449815313919054	1.171753176734326	609.321760419716	13.489772636813154	0	832.3977106428689	10.059288538637569	38.432731672809496	5.231756977503745	3074.630914817826	9.517429034665014	0	22.28242842315545	53.49080150329229	39.101325665667275	5.821385029093028	2875.962109829351	9.223727820366431	.41799181547592795	1.12212	.6234000000000001	.77925	.36812000000000034	.12468	.6234000000000001	2.5441000000000007	.03117
11.86	818.1065723128172	9.883162524580817	37.56572306169718	5.2951490986839485	3020.5480338718066	10.76083502079736	0	862.9890014218252	9.560079328231565	39.48007036128488	5.60658347009009	3180.657696319723	12.650674536656668	0	888.4709987319478	9.308699861909117	40.61450602902344	5.722470906721899	3270.996239241152	9.847874227154849	0	710.5560822935074	8.240061287685506	32.491446111546175	4.643587800510179	2620.285941772291	11.142391033272546	0	728.9309976143372	9.030129965765365	33.114838721981485	4.9589391261011855	2688.4423999923347	14.860058040246045	0	164.45096367865327	3.0843356981528824	7.442441067257322	1.1731599137504454	608.8653607536628	13.489772636813154	0	831.7601992197053	10.007197897258806	38.394352467280875	5.239624023796282	3072.396095740243	9.517503854867481	0	22.26522945482863	53.4681515130245	39.08243963179929	5.830300181310039	2874.770569336656	9.223727820366431	.41799181547592795	1.12212	.6234000000000001	.77925	.3681100000000003	.12468	.6234000000000001	2.5440800000000006	.03117
11.88	817.473610611247	9.832699707657397	37.5282224859494	5.302802398805825	3018.33820917291	10.76083502079736	0	862.3074932491232	9.51280095891313	39.44072750654596	5.614641821804575	3178.3112302584145	12.650674536656668	0	887.7605091181754	9.263595922954865	40.57411038861212	5.730786326538041	3268.5702823087745	9.847874227154849	0	709.9943402431986	8.19872742839031	32.45907135012496	4.650209958604893	2618.3484262222173	11.142693733382114	0	728.3534388329977	8.984255436889018	33.08180630491989	4.965627546208219	2686.444250862665	14.860058040246045	0	164.32244308463916	3.0678188368515147	7.435073008627006	1.174564239504555	608.4095137602936	13.489772636813154	0	831.1235360785251	9.955450662320827	38.35600595876193	5.247480382196565	3070.163440474663	9.51757867624634	0	22.24805608819393	53.44557156487078	39.06353847287605	5.839210208714751	2873.5788894104944	9.223727820366431	.41799181547592795	1.12212	.6234000000000001	.77925	.3681000000000003	.12468	.6234000000000001	2.544060000000001	.03117
11.9	816.841564468581	9.782543986445376	37.4907531733938	5.310445071536841	3016.1306661091303	10.76083502079736	0	861.6270349455191	9.46581110243407	39.40141654195639	5.622688857586735	3175.967340366353	12.650674536656668	0	887.0511344179547	9.218780040554726	40.533746863053146	5.73909004671323	3266.147080226179	9.847874227154849	0	709.4334651322532	8.157649560170654	32.426722729529224	4.656822755957278	2616.4130711105026	11.142996449938755	0	727.7767952300753	8.938645493306272	33.04880020979029	4.972306243049663	2684.448411532822	14.860058040246045	0	164.19413215094048	3.0513898337760947	7.427711133804977	1.1759661560995052	607.9542170350599	13.489772636813154	0	830.4876795684079	9.90407058235445	38.317692127986895	5.2553260496190335	3067.932931244456	9.517653498801614	0	22.230908189621967	53.42306102456326	39.044622245035406	5.8481151029508744	2872.387070880744	9.223727820366431	.41799181547592795	1.12212	.6234000000000001	.77925	.3680900000000003	.12468	.6234000000000001	2.5440400000000007	.03117
11.92	816.2104481859935	9.732680792918785	37.45331510184049	5.318077124779099	3013.925403746432	10.76083502079736	0	860.9476555086503	9.419085767732529	39.36213745730609	5.630724589549935	3173.6260290020264	12.650674536656668	0	886.3429305263996	9.174210890896218	40.4934154488973	5.74738208352856	3263.7266435798015	9.847874227154849	0	708.8734793059307	8.11680736307851	32.39440024166944	4.663426204708929	2614.4798760050535	11.143299182943807	0	727.2010655128754	8.893297091787199	33.01582043803719	4.978975225556274	2682.4548744077356	14.860058040246045	0	164.06602833741252	3.0350500255518784	7.420355459280006	1.177365655089168	607.4994689318047	13.489772636813154	0	829.8527048185156	9.852999798633084	38.27941093291239	5.26316104017475	3065.7045860734065	9.517728322533337	0	22.21378560996325	53.40062019194309	39.02569100345979	5.8570148556305375	2871.1951156042387	9.223727820366431	.41799181547592795	1.12212	.6234000000000001	.77925	.3680800000000003	.12468	.6234000000000001	2.5440200000000006	.03117
11.94	815.5802562032354	9.683108722440242	37.415908254356516	5.325698561633812	3011.7224143389485	10.76083502079736	0	860.2693488570058	9.372623727807909	39.32289024490197	5.638749022070544	3171.287286804072	12.650674536656668	0	885.6358910102571	9.129887409638288	40.45311614466842	5.755662442262507	3261.3089619747425	9.847874227154849	0	708.3143777917835	8.076199723758144	32.36210388176105	4.670020308556171	2612.5488329492587	11.14360193239861	0	726.6262447699268	8.848208987378696	32.98286699034797	4.9856344978962	2680.4636307599167	14.860058040246045	0	163.93813029321325	3.018799167916729	7.413005987230017	1.1787627352817183	607.0452673053517	13.489772636813154	0	829.2186063562049	9.802236852541194	38.24116234743175	5.270985356064062	3063.478398333907	9.517803147441533	0	22.19668821310421	53.37824872349558	39.00674480385438	5.865909458418072	2870.0030247252434	9.223727820366431	.41799181547592795	1.12212	.6234000000000001	.77925	.36807000000000034	.12468	.6234000000000001	2.5440000000000005	.03117
11.96	814.9509829966555	9.63382638263639	37.3785326140329	5.333309385177468	3009.521690191844	10.76083502079736	0	859.5921089385205	9.326423772620798	39.283674896989616	5.646762159484622	3168.951104470383	12.650674536656668	0	884.9300094433776	9.085808564551165	40.4128489487741	5.763931128142124	3258.894025075011	9.847874227154849	0	707.7561556409568	8.035825544303211	32.32983364495286	4.676605071163162	2610.61993403776	11.143904698304505	0	726.0523281295411	8.803379934228246	32.94993986729662	4.992284064191781	2678.4746719193017	14.860058040246045	0	163.81043668329986	3.0026370108792655	7.405662719823546	1.1801573954703743	606.5916100250324	13.489772636813154	0	828.5853787006816	9.751780335520909	38.20294634556569	5.278798999461159	3061.2543614306655	9.51787797352623	0	22.179615864316556	53.355946276534276	38.987783701843476	5.874798902995699	2868.8107993858607	9.223727820366431	.41799181547592795	1.12212	.6234000000000001	.77925	.36806000000000033	.12468	.6234000000000001	2.543980000000001	.03117
11.98	814.3226230780518	9.584832394225026	37.34118816398504	5.340909598461586	3007.3232236609606	10.76083502079736	0	858.9159297293065	9.280484710175058	39.24449140575517	5.654764006087678	3166.6174727577386	12.650674536656668	0	884.2252794047542	9.041973357202217	40.37261385950847	5.772188146342776	3256.481822602981	9.847874227154849	0	707.1988079272061	7.995683743191044	32.2975895263287	4.6831804961618015	2608.693171416231	11.144207480662834	0	725.4793107595378	8.75880868595443	32.91703906934616	4.9989239285193925	2676.487989273101	14.860058040246045	0	163.68294618838266	2.9865632988707684	7.398325659220054	1.1815496344337169	606.1384949747451	13.489772636813154	0	827.9530163599169	9.701628891365445	38.1647629014617	5.286601972513366	3059.032468800059	9.517952800787457	0	22.162568430264283	53.33371250923612	38.96880775297044	5.883683181063455	2867.618440726107	9.223727820366431	.41799181547592795	1.12212	.6234000000000001	.77925	.3680500000000003	.12468	.6234000000000001	2.5439600000000007	.03117
12	813.695170993523	9.536125391842221	37.3038748873532	5.348499204512473	3005.1270071524627	10.76083502079736	0	858.2408052323831	9.234805367599876	39.20533976332718	5.662754566134445	3164.286382481435	12.650674536656668	0	883.5216944765605	8.998380824641757	40.33241087505505	5.7804335019878685	3254.0723443388365	9.847874227154849	0	706.6423297459149	7.955773256216938	32.265371520909056	4.68974658715164	2606.7685372811547	11.144510279474938	0	724.9071878669655	8.714493996017367	32.88416459685115	5.005554094909275	2674.5035742656437	14.860058040246045	0	163.55565750487858	2.970577770897063	7.390994807570233	1.1829394509360092	605.6859200530128	13.489772636813154	0	827.3215138275638	9.651781218512472	38.12661198939335	5.294394277340437	3056.8127139094945	9.51802762922524	0	22.145545779010607	53.31154708067658	38.94981701269767	5.892562284339126	2866.4259498839815	9.223727820366431	.41799181547592795	1.12212	.6234000000000001	.77925	.3680400000000003	.12468	.6234000000000001	2.5439400000000005	.03117
12.02	813.0686213223204	9.487704024869446	37.266592767302974	5.356078206330982	3002.9330331224805	10.76083502079736	0	857.5667294764066	9.189384592231855	39.16621996177848	5.6707338438386445	3161.9578245149196	12.650674536656668	0	882.8192482421875	8.955030041088913	40.29223999348951	5.788667200148573	3251.6655801200295	9.847874227154849	0	706.0867162131134	7.9160930374284435	32.23317962365281	4.696303347699779	2604.846023879602	11.144813094742158	0	724.3359546978267	8.67043461808923	32.85131645006011	5.012174567345377	2672.5214183982253	14.860058040246045	0	163.42856934486485	2.9546801606904265	7.383670167016309	1.1843268437275158	605.2338831730417	13.489772636813154	0	826.6908655798736	9.602236072337517	38.0884935837597	5.302175916033847	3054.5950902567647	9.51810245883961	0	22.12854778002496	53.289449650864746	38.93081153640654	5.901436204558169	2865.2333279955374	9.223727820366431	.41799181547592795	1.12212	.6234000000000001	.77925	.3680300000000003	.12468	.6234000000000001	2.543920000000001	.03117
12.04	812.4429686756997	9.439566958260702	37.22934178702571	5.363646606892267	3000.741294076756	10.76083502079736	0	856.8936965144017	9.144221252697081	39.12713199312805	5.678701843372756	3159.6317897894205	12.650674536656668	0	882.1179342842834	8.911920119617445	40.25210121278255	5.796889245843559	3249.261519840728	9.847874227154849	0	705.5319624644952	7.876642060059661	32.201013829458844	4.70285078134078	2602.9256235090083	11.145115926465834	0	723.7656065368005	8.626629306424713	32.81849462911803	5.018785349765182	2670.541513228954	14.860058040246045	0	163.30168043603257	2.9388701968614788	7.376351739692361	1.185711811544822	604.78238226278	13.489772636813154	0	826.0610660726132	9.552992267447372	38.05040765908462	5.309946890656084	3052.379591369408	9.518177289630591	0	22.111574304189947	53.267419880778505	38.91179137939737	5.910304933473643	2864.040576194955	9.223727820366431	.41799181547592795	1.12212	.6234000000000001	.77925	.36802000000000035	.12468	.6234000000000001	2.5439000000000007	.03117
12.06	811.8182076957726	9.39171287336964	37.19212192973901	5.3712044091455455	2998.5517825702864	10.76083502079736	0	856.2217004224908	9.099314239993202	39.08807584934291	5.686658568867784	3157.308269293577	12.650674536656668	0	881.4177461827902	8.869050213841593	40.211994530802656	5.805099644038724	3246.860153451268	9.847874227154849	0	704.978063654436	7.837419317465523	32.16887413316776	4.709388891576572	2601.007328516955	11.14541877464731	0	723.1961387069662	8.583076816231511	32.7856991340688	5.025386446059554	2668.5638503725986	14.860058040246045	0	163.17498952164044	2.9231476030510812	7.369039527724623	1.1870943531111522	604.3314152649751	13.489772636813154	0	825.4321097379805	9.504048679973476	38.012354190016175	5.317707203239945	3050.166210804065	9.518252121598213	0	22.094625223808322	53.24545743239963	38.89275659688941	5.919168462856142	2862.8476956146114	9.223727820366431	.41799181547592795	1.12212	.6234000000000001	.77925	.36801000000000034	.12468	.6234000000000001	2.5438800000000006	.03117
12.08	811.1943330543585	9.344140468776708	37.154933178687166	5.378751616013848	2996.3644912069717	10.76083502079736	0	855.5507352986256	9.054662468571504	39.04905152233994	5.694604024413023	3154.987254073073	12.650674536656668	0	880.7186775129827	8.826419519601918	40.171919945318955	5.8132983996469125	3244.4614709576076	9.847874227154849	0	704.4250149550112	7.798423824056105	32.13676052956351	4.715917681876351	2599.0911313009447	11.145721639287924	0	722.6275465695265	8.539775904040823	32.75292996485771	5.03197786007256	2666.588421500434	14.860058040246045	0	163.04849536046828	2.9075120980822358	7.361733533231795	1.18847446713669	603.8809801372339	13.489772636813154	0	824.8039909815216	9.455404249865326	37.974333151325965	5.325456855787825	3047.954942145838	9.518326954742502	0	22.07770041260996	53.22356196874897	38.87370724402076	5.928026784493712	2861.654687385154	9.223727820366431	.41799181547592795	1.12212	.6234000000000001	.77925	.3680000000000003	.12468	.6234000000000001	2.5438600000000005	.03117
12.1	810.5713394518363	9.296848461116241	37.117775517141645	5.38628823039378	2994.1794126392565	10.76083502079736	0	854.8807952613162	9.010264877418978	39.010059003987784	5.702538214055828	3152.668735230268	12.650674536656668	0	880.0207218435063	8.784027276651134	40.131877454004	5.821485517527661	3242.065462420776	9.847874227154849	0	703.8728115550135	7.759654616230889	32.1046730133751	4.722437155676492	2597.177024308181	11.146024520389021	0	722.0598255235309	8.496725328077801	32.72018712133387	5.038559595601321	2664.6152183400877	14.860058040246045	0	162.92219672677078	2.891963396111976	7.354433758325351	1.1898521523188974	603.431074852079	13.489772636813154	0	824.1767041790474	9.407057983183856	37.936344517908495	5.333195850271011	3045.7457790076455	9.518401789063487	0	22.06079974575882	53.201733153921495	38.85464337584834	5.936879890191791	2860.4615526355697	9.223727820366431	.41799181547592795	1.12212	.6234000000000001	.77925	.3679900000000003	.12468	.6234000000000001	2.5438400000000008	.03117
12.12	809.9492216159961	9.249835585903618	37.0806489284015	5.393814255155277	2991.9965395677764	10.76083502079736	0	854.2118744483622	8.966120431140395	38.97109828610873	5.7104611418013835	3150.352703923828	12.650674536656668	0	879.3238727344147	8.74187277033994	40.0918670544366	5.82966100248691	3239.6721179563256	9.847874227154849	0	703.3214486589712	7.721110753313072	32.07261157927823	4.728947316380454	2595.265000035346	11.146327417951943	0	721.4929710055987	8.453923848632057	32.687470603252734	5.0451316563958395	2662.6442326753895	14.860058040246045	0	162.79609241023104	2.876501206783268	7.347140205109849	1.1912274073428333	602.9816973970086	13.489772636813154	0	823.5502436735497	9.359008954394842	37.89838826478053	5.340924188628977	3043.538715029585	9.518476624561195	0	22.043923099859928	53.1799706531215	38.83556504734788	5.945727771773131	2859.2682924932583	9.223727820366431	.41799181547592795	1.12212	.6234000000000001	.77925	.3679800000000003	.12468	.6234000000000001	2.5438200000000006	.03117
12.14	809.3279743008909	9.203100598362367	37.04355339579387	5.401329693141367	2989.8158647410014	10.76083502079736	0	853.5439670155828	8.922228121040384	38.932169360480536	5.718372811612469	3148.039151368356	12.650674536656668	0	878.6281237352084	8.69995533330287	40.05188874410463	5.837824859276748	3237.2814277337857	9.847874227154849	0	702.7709214861659	7.682791318483848	32.04057622189699	4.735448167358684	2593.3550510283794	11.14663033197803	0	720.9269784896433	8.411370228428131	32.6547804102785	5.051694046158834	2660.675456346213	14.860058040246045	0	162.67018121591417	2.8611252353769028	7.339852875683236	1.1926002308814738	602.5328457745542	13.489772636813154	0	822.9246037721182	9.311256308662294	37.86046436708045	5.348641872768674	3041.3337438782883	9.518551461235656	0	22.027070352966327	53.15827413269771	38.816472313413826	5.954570421077731	2858.0749080841024	9.223727820366431	.41799181547592795	1.12212	.6234000000000001	.77925	.3679700000000003	.12468	.6234000000000001	2.5438000000000005	.03117
12.16	808.7075922856884	9.156642274251315	37.006488902674455	5.408834547167916	2987.6373809548836	10.76083502079736	0	852.8770671355476	8.878586966205516	38.893272218838334	5.726273227409225	3145.728068834027	12.650674536656668	0	877.9334683828729	8.658274347144138	40.01194252040785	5.845977092595124	3234.893381976113	9.847874227154849	0	702.22122526965	7.644695419716715	32.00856693580552	4.741939711948521	2591.4471698822563	11.146933262468627	0	720.3618434865942	8.369063232995991	32.622116541986635	5.058246768545579	2658.708881248328	14.860058040246045	0	162.54446196422106	2.8458351829634005	7.332571772137162	1.1939706215960297	602.0845180023391	13.489772636813154	0	822.2997787428566	9.263799264141864	37.82257280006763	5.356348904563825	3039.1308592462783	9.518626299086895	0	22.010241384586074	53.1366432601784	38.797365228859356	5.963407829962757	2856.881400532541	9.223727820366431	.41799181547592795	1.12212	.6234000000000001	.77925	.36796000000000034	.12468	.6234000000000001	2.543780000000001	.03117
12.18	808.0880703735226	9.110459410691687	36.96945543242791	5.4163288200233985	2985.461081052498	10.76083502079736	0	852.2111689963061	8.835196014586357	38.85440685287647	5.734162393068923	3143.4194476462153	12.650674536656668	0	877.2399001999162	8.616829244123451	39.97202838066072	5.854117707085593	3232.5079709591405	9.847874227154849	0	701.6723552552651	7.606822190711741	31.976583715529664	4.748421953454107	2589.5413492407642	11.147236209425074	0	719.7975615441213	8.327001631041492	32.589478997866294	5.064789827163738	2656.7444993332433	14.860058040246045	0	162.4189334908419	2.830630746554899	7.325296896557287	1.1953385781362682	601.6367121131369	13.489772636813154	0	821.6757628117994	9.216637114274228	37.78471353912175	5.364045285854218	3036.9300548513297	9.51870113811494	0	21.993436075689186	53.11507770430655	38.77824384841631	5.972239990302479	2855.6877709616383	9.223727820366431	.41799181547592795	1.12212	.6234000000000001	.77925	.36795000000000033	.12468	.6234000000000001	2.5437600000000007	.03117
12.2	807.4694033903454	9.064550826994253	36.93245296846836	5.423812514468644	2983.2869579236904	10.76083502079736	0	851.5462668001192	8.792054344079558	38.81557325425041	5.742040312425734	3141.113279185127	12.650674536656668	0	876.547412692407	8.575619508841868	39.932146322095186	5.8622467073370315	3230.1251850110352	9.847874227154849	0	701.1243067006595	7.569170791829872	31.944626555548666	4.754894895146289	2587.6375817962835	11.147539172848715	0	719.2341282463581	8.285184194816871	32.55686777732283	5.0713232255732015	2654.7823026080555	14.860058040246045	0	162.29359464670986	2.815511619257054	7.318028251023585	1.1967040991408293	601.1894261549298	13.489772636813154	0	821.0525501598285	9.169769230078481	37.74688655974222	5.3717310184449945	3034.7313244358256	9.518775978319821	0	21.97665430871462	53.09357713507493	38.75910822673514	5.981066893988194	2854.494020493157	9.223727820366431	.41799181547592795	1.12212	.6234000000000001	.77925	.3679400000000003	.12468	.6234000000000001	2.5437400000000006	.03117
12.22	806.8515861837787	9.018915365486432	36.895481494239846	5.431285633236604	2981.115004504721	10.76083502079736	0	850.8823547621882	8.74916106360992	38.77677141457856	5.749906989270497	3138.809554885434	12.650674536656668	0	875.8559993480131	8.534644679927624	39.892296341863535	5.870364097883374	3227.745014511744	9.847874227154849	0	700.5770748743064	7.531740411027213	31.912695450296823	4.761358540262528	2585.735860289564	11.14784215274089	0	718.6715392136243	8.243609700491225	32.5242828796802	5.077846967285921	2652.8222831352937	14.860058040246045	0	162.16844429795466	2.8004774904209335	7.310765837610661	1.1980671832375476	600.7426581909667	13.489772636813154	0	820.4301349195891	9.12319506244554	37.709091837547454	5.37940610410595	3032.5346617661144	9.518850819701564	0	21.95989596757725	53.0721412237613	38.73995841838487	5.989888532928159	2853.3001502476295	9.223727820366431	.41799181547592795	1.12212	.6234000000000001	.77925	.3679300000000003	.12468	.6234000000000001	2.543720000000001	.03117
12.24	806.2346136219661	8.973551892339454	36.85854099321678	5.438748179032097	2978.9452137779094	10.76083502079736	0	850.2194271093869	8.706515314212485	38.73800132544417	5.757762427350478	3136.5082662359023	12.650674536656668	0	875.1656536340398	8.493904351721993	39.85247843704119	5.878469883203337	3225.3674498924497	9.847874227154849	0	700.0306550545212	7.494530264789338	31.880790394165167	4.7678128920067975	2583.8361775095036	11.148145149102946	0	718.1097901021506	8.202276928521005	32.49172430418351	5.084361055765745	2650.8644330327697	14.860058040246045	0	162.04348132585633	2.785528045794921	7.3035096583880526	1.1994278290437694	600.296406299822	13.489772636813154	0	819.8085111724076	9.07691414443155	37.671329348274334	5.387070544570817	3030.3400606318705	9.518925662260196	0	21.94316093767483	53.05076964296347	38.720794477853126	5.998704899047513	2852.106161344429	9.223727820366431	.41799181547592795	1.12212	.6234000000000001	.77925	.3679200000000003	.12468	.6234000000000001	2.5437000000000007	.03117
12.26	805.6184971566196	8.92844862642696	36.82163144487997	5.4462001596978915	2976.7775844485723	10.76083502079736	0	849.5574976238192	8.66410315724892	38.69926296593182	5.765606639344838	3134.2094116173066	12.650674536656668	0	874.4764014147058	8.45337623180214	39.81269258542843	5.886564080104615	3222.992492979424	9.847874227154849	0	699.4850587952527	7.457527469806456	31.848911370876138	4.774257960622201	2581.938530849199	11.148448161936225	0	717.548880428991	8.161181761324393	32.45919204093726	5.090865499564092	2648.908745929768	14.860058040246045	0	161.91870452952256	2.770662669070954	7.296259709186101	1.2007860355256261	599.8506680557772	13.489772636813154	0	819.1877264722648	9.030890645556132	37.63359905487103	5.394724357031575	3028.1475326309132	9.519000505995747	0	21.92644903739188	53.02946186539118	38.701616459840565	6.0075159844126444	2850.9120545792475	9.223727820366431	.41799181547592795	1.12212	.6234000000000001	.77925	.3679100000000003	.12468	.6234000000000001	2.5436800000000006	.03117
12.28	805.0032455684952	8.883595544704468	36.784752829394854	5.4536415822093955	2974.612114345672	10.76083502079736	0	848.8965769236376	8.621912817216424	38.660556317118385	5.773439636431513	3131.9129883535907	12.650674536656668	0	873.7882632667114	8.413041649443716	39.772938767871565	5.894646703328536	3220.6201438073217	9.847874227154849	0	698.9402950174327	7.42072114234038	31.81705836583752	4.780693755169917	2580.042917009744	11.148751191242066	0	716.9888091255408	8.120320557597804	32.42668608144355	5.097360306350148	2646.955215274111	14.860058040246045	0	161.79411273891125	2.755880789120417	7.289015986842855	1.2021418015811245	599.4054411329245	13.489772636813154	0	818.5678196255885	8.985094577038879	37.595900922498174	5.402367556127127	3025.957086495649	9.519075350908244	0	21.909760097731155	53.00821739781613	38.68242441891851	6.016321781086482	2849.717830799134	9.223727820366431	.41799181547592795	1.12212	.6234000000000001	.77925	.36790000000000034	.12468	.6234000000000001	2.5436600000000005	.03117
12.3	804.3888332176209	8.839004838017654	36.747905135325674	5.461072442772133	2972.448789539784	10.76083502079736	0	848.2366350001635	8.579959816282951	38.62188138596735	5.781261411083259	3129.6189796045537	12.650674536656668	0	873.1011923392609	8.372927617723208	39.73321700506854	5.902717741812472	3218.2503788747963	9.847874227154849	0	698.396338829442	7.384125647331501	31.78523138651289	4.787120269972868	2578.1493232669964	11.149054237021817	0	716.4295672055091	8.079695716289155	32.39420643597779	5.103845473066848	2645.0038315406237	14.860058040246045	0	161.66970500123335	2.7411824524840145	7.281778501153946	1.2034951253524602	598.9607243012907	13.489772636813154	0	817.9487180927616	8.939569737328643	37.55823494326609	5.410000124243299	3023.7686940030007	9.519150196997712	0	21.89309409362059	52.987036166830606	38.66321840896423	6.025122280889921	2848.5234915208803	9.223727820366431	.41799181547592795	1.12212	.6234000000000001	.77925	.36789000000000033	.12468	.6234000000000001	2.543640000000001	.03117
12.32	803.7752560892358	8.794674801950638	36.711088346018656	5.468492744302388	2970.287603552592	10.76083502079736	0	847.577667349063	8.538242606300708	38.58323816315245	5.789071967437824	3127.3273775036882	12.650674536656668	0	872.4151840467703	8.333032584304245	39.6935272926024	5.91077720059399	3215.8831895291996	9.847874227154849	0	697.8531865668467	7.347739558423905	31.753430426465496	4.793537508546995	2576.257742888086	11.149357299276819	0	715.8711507076679	8.039305855322588	32.361753102921504	5.110321003308456	2643.054587158715	14.860058040246045	0	161.54548025176038	2.7265673131530335	7.274547253777865	1.2048460054409005	598.5165156685031	13.489772636813154	0	817.3304191007286	8.894313771543304	37.52060109256345	5.417622063941466	3021.582350153169	9.519225044264184	0	21.876450912131276	52.96591783794992	38.643998484157706	6.033917475822787	2847.329037839558	9.223727820366431	.41799181547592795	1.12212	.6234000000000001	.77925	.3678800000000003	.12468	.6234000000000001	2.5436200000000007	.03117
12.34	803.1625102430775	8.750603721591723	36.674302444838204	5.475902489705728	2968.1285499705327	10.76083502079736	0	846.9196695417896	8.49675962936719	38.54462663927664	5.796871309620587	3125.038174261391	12.650674536656668	0	871.7302338903622	8.293354981878242	39.65386962592412	5.918825084698735	3213.5185672072744	9.847874227154849	0	697.3108346287908	7.311561438733442	31.721655479185348	4.799945474399793	2574.368169203607	11.149660378008416	0	715.3135557191064	7.999149588297016	32.32932608055694	5.116786900638836	2641.1074746175605	14.860058040246045	0	161.42143744033146	2.712035021198999	7.267322246347101	1.2061944404401155	598.072813355932	13.489772636813154	0	816.712920002676	8.849324290633682	37.48299934584761	5.425233377799277	3019.3980500305897	9.519299892707682	0	21.859830441605066	52.94486207745956	38.62476469859831	6.042707357901885	2846.134470848274	9.223727820366431	.41799181547592795	1.12212	.6234000000000001	.77925	.3678700000000003	.12468	.6234000000000001	2.5436000000000005	.03117
12.36	802.5505918137076	8.706789871410901	36.63754741516697	5.483301681877227	2965.9716224449435	10.76083502079736	0	846.262637226054	8.455509317740454	38.50604680487289	5.804659441745126	3122.751362165205	12.650674536656668	0	871.0463374587896	8.253893227897567	39.614244000353814	5.9268613991412575	3211.1565034356186	9.847874227154849	0	696.7692794784612	7.275589840702714	31.689906538089954	4.806344171030832	2572.4805956078053	11.149963473217953	0	714.7567783752953	7.959225524598315	32.29692536706877	5.123243168591733	2639.1624864660757	14.860058040246045	0	161.29757553129838	2.6975852228990065	7.260103480467902	1.207540428936529	597.6296154987036	13.489772636813154	0	816.0962182797117	8.804598870522636	37.4454296786428	5.432834068411321	3017.215788804876	9.519374742328239	0	21.843232571655452	52.923868552432474	38.605517106304816	6.051491919160932	2844.939791638212	9.223727820366431	.41799181547592795	1.12212	.6234000000000001	.77925	.3678600000000003	.12468	.6234000000000001	2.543580000000001	.03117
12.38	801.9394970108373	8.66323151513734	36.60082324040598	5.490690323701673	2963.816814692212	10.76083502079736	0	845.6065661262935	8.414490093754324	38.46749865040488	5.812436367913781	3120.466933580061	12.650674536656668	0	870.3634904293581	8.21464572430869	39.57465041108174	5.934886148925848	3208.796989831143	9.847874227154849	0	696.2285176435535	7.2398233059560555	31.658183596525024	4.812733601932303	2570.5950155587584	11.150266584906772	0	714.2008148601506	7.91953226951152	32.26455096054575	5.129689810671072	2637.2196153128943	14.860058040246045	0	161.17389350347054	2.6832175608610425	7.252890957720024	1.20888396950967	597.1869202457121	13.489772636813154	0	815.480311542545	8.760135051244138	37.40789206653836	5.440424138389804	3015.0355617317555	9.519449593125879	0	21.826657193168437	52.90293693074622	38.58625576121537	6.060271151650501	2843.745001298677	9.223727820366431	.41799181547592795	1.12212	.6234000000000001	.77925	.3678500000000003	.12468	.6234000000000001	2.5435600000000007	.03117
12.4	801.3292221196534	8.619926905636875	36.56412990397472	5.498068418053793	2961.6641204939297	10.76083502079736	0	844.9514520441415	8.373700369733662	38.42898216626785	5.820202092218223	3118.184880948515	12.650674536656668	0	869.681688568849	8.175610857285353	39.535088853169505	5.942899339047367	3206.4400181015353	9.847874227154849	0	695.6885457167369	7.204260365154517	31.62648664776522	4.819113770589543	2568.711422578562	11.150569713076218	0	713.6456614060965	7.880068424333016	32.23220285898234	5.136126830351248	2635.2788538263444	14.860058040246045	0	161.05039035005998	2.668931674149316	7.245684679656488	1.210225060732524	596.7447257596314	13.489772636813154	0	814.8651975331658	8.71593033608238	37.370386485186906	5.4480035903652135	3012.8573641540147	9.519524445100632	0	21.810104198303403	52.88206688110025	38.56698071718746	6.069045047437958	2842.5501009171385	9.223727820366431	.41799181547592795	1.12212	.6234000000000001	.77925	.36784000000000033	.12468	.6234000000000001	2.5435400000000006	.03117
12.42	800.7197635011436	8.57687428478949	36.52746738931124	5.505435967798464	2959.5135336970366	10.76083502079736	0	844.2972908588972	8.333138547909565	38.39049734278928	5.827956618740023	3115.905196790989	12.650674536656668	0	869.0009277344425	8.136786996961696	39.495559321551085	5.950900974492072	3204.0855800457193	9.847874227154849	0	695.1493603561199	7.168899537850823	31.594815685014858	4.825484680481581	2566.8298102535114	11.150872857727636	0	713.0913142941299	7.840832586482708	32.19988106028042	5.14255423107742	2633.3401947344237	14.860058040246045	0	160.92706507862633	2.6547271984095775	7.238484647803336	1.2115637011718832	596.3030302169275	13.489772636813154	0	814.2508741265244	8.671982190710827	37.33291291030258	5.455572426986996	3010.681191502438	9.519599298252524	0	21.793573480493997	52.86125807303309	38.54769202799797	6.077813598607401	2841.3550915792716	9.223727820366431	.41799181547592795	1.12212	.6234000000000001	.77925	.3678300000000003	.12468	.6234000000000001	2.5435200000000004	.03117
12.44	800.1111175924223	8.534071883366808	36.490835679872255	5.5127929757909335	2957.3650482139756	10.76083502079736	0	843.644078527995	8.29280302033463	38.35204417022969	5.835699951551213	3113.627873706011	12.650674536656668	0	868.3212038746395	8.098172497165436	39.456061811033976	5.958891060238453	3201.733667554316	9.847874227154849	0	694.6109582857154	7.133739332344371	31.563170701408644	4.831846335081663	2564.9501722342866	11.151176018862367	0	712.5377698538841	7.8018233496162255	32.1675855622509	5.148972016265803	2631.4036308247764	14.860058040246045	0	160.80391671102166	2.6406037659944475	7.231290863659377	1.212899889388699	595.8618318078705	13.489772636813154	0	813.637339332211	8.628288042331315	37.29547131765927	5.463130650924226	3008.5070392967473	9.519674152581585	0	21.777064934449005	52.8405101769396	38.52838974734306	6.086576797259605	2840.1599743690012	9.223727820366431	.41799181547592795	1.12212	.6234000000000001	.77925	.3678200000000003	.12468	.6234000000000001	2.5435000000000008	.03117
12.46	799.503280907056	8.491517920909587	36.45423475913326	5.520139444877034	2955.2186580228404	10.76083502079736	0	842.9918110874742	8.252692168798172	38.313622638783364	5.8434320947148555	3111.352904370456	12.650674536656668	0	867.6425130301858	8.059765695150999	39.41659631630028	5.966869601258064	3199.3842726101066	9.847874227154849	0	694.0733362959056	7.098778245536193	31.53155169001239	4.838198737857799	2563.072502236135	11.15147919648176	0	711.985024463692	7.763039303737096	32.1353163626154	5.155380189303961	2629.4691549446707	14.860058040246045	0	160.6809442833357	2.6265610060887394	7.224103328695951	1.2142336239384328	595.4211287365471	13.489772636813154	0	813.0245912961354	8.584845278813138	37.258061683088755	5.4706782648662795	3006.3349031465436	9.51974900808784	0	21.76057845615321	52.81982286408816	38.50907392883825	6.0953346355119535	2838.964750368543	9.223727820366431	.41799181547592795	1.12212	.6234000000000001	.77925	.3678100000000003	.12468	.6234000000000001	2.5434800000000006	.03117
12.48	798.89625003539	8.449210605605211	36.417664610588595	5.527475377893403	2953.074357167526	10.76083502079736	0	842.3404846524484	8.212804364741483	38.27523273857917	5.851153052285607	3109.080281539784	12.650674536656668	0	866.9648513349943	8.021564911332701	39.37716283190783	5.974836602516347	3197.037387288493	9.847874227154849	0	693.5364912439088	7.0640147627839545	31.49995864382375	4.844541892273282	2561.196794039056	11.151782390587156	0	711.43307455065	7.724479035308955	32.103073459007916	5.1617787535511015	2627.5367600009736	14.860058040246045	0	160.55814684584055	2.6125985448347926	7.216922044356675	1.2155649033714058	594.9809192208719	13.489772636813154	0	812.4126283022065	8.541651247832133	37.22068398247898	5.478215271523503	3004.1647787522484	9.51982386477132	0	21.74411394286829	52.79919580663792	38.48974462601836	6.1040871054983805	2837.7694206584483	9.223727820366431	.41799181547592795	1.12212	.6234000000000001	.77925	.3678000000000003	.12468	.6234000000000001	2.5434600000000005	.03117
12.5	798.2900216448728	8.407148134165167	36.381125217751595	5.534800777667693	2950.932139757879	10.76083502079736	0	841.6900954175752	8.173137969173045	38.23687445968125	5.858862828310291	3106.8099980482807	12.650674536656668	0	866.2882150170674	7.983568449017879	39.337761352291295	5.982792068973469	3194.693003757957	9.847874227154849	0	693.0004200542429	7.029447357756908	31.46839155577294	4.85087580178724	2559.3230414879845	11.152085601179902	0	710.8819165906821	7.68614112736771	32.07085684897646	5.168167712338366	2625.606438960128	14.860058040246045	0	160.43552346293592	2.5987160054577867	7.209747012057202	1.2168937262331518	594.5412014926005	13.489772636813154	0	811.8014487740119	8.498703256009753	37.18333819177225	5.485741673627886	3001.9966619060424	9.51989872263205	0	21.727671293133675	52.77862867765601	38.47040189233748	6.112834199369313	2836.5739863176464	9.223727820366431	.41799181547592795	1.12212	.6234000000000001	.77925	.36779000000000034	.12468	.6234000000000001	2.543440000000001	.03117
12.52	797.6845924803822	8.365328691702544	36.34461656415466	5.542115647018798	2948.7919999698465	10.76083502079736	0	841.0406396575256	8.133691332583773	38.19854779208983	5.866561426828455	3104.5420468092984	12.650674536656668	0	865.6126003994209	7.945774594140052	39.29839187176324	5.990736005585149	3192.351114280524	9.847874227154849	0	692.4651197191922	6.995074492290889	31.436850418723445	4.857200469855161	2557.451238492974	11.15238882826134	0	710.3315471086031	7.648024159633741	32.038666529984745	5.174547068969122	2623.678184848128	14.860058040246045	0	160.31307321309387	2.584913008391075	7.202578233184971	1.218220091064768	594.1019737973411	13.489772636813154	0	811.1910512764974	8.455998568052154	37.14602428696342	5.493257473933736	2999.8305484928073	9.51997358167006	0	21.711250406767437	52.75812115113476	38.451045781169	6.12157590929161	2835.3784484234857	9.223727820366431	.41799181547592795	1.12212	.6234000000000001	.77925	.36778000000000033	.12468	.6234000000000001	2.5434200000000007	.03117
12.54	797.0799593645514	8.323750451609518	36.30813863334935	5.549419988757063	2946.6539320456272	10.76083502079736	0	840.3921137274538	8.094462794862261	38.16025272574195	5.874248851872947	3102.2764208154945	12.650674536656668	0	864.9380039010063	7.9081816149920785	39.259054384515316	5.998668417303496	3190.0117112122243	9.847874227154849	0	691.9305872992718	6.9608946162432845	31.40533522547278	4.863515899929428	2555.5813790293805	11.15269207183282	0	709.7819626781828	7.610126708624083	32.006502499413806	5.180916826719261	2621.7519907504966	14.860058040246045	0	160.1907951888039	2.571189171401507	7.195415709098965	1.2195439964032657	593.6632343945663	13.489772636813154	0	810.5814345176472	8.413534405889289	37.10874224409812	5.500762675218346	2997.666434491067	9.520048441885375	0	21.694851184867144	52.73767290200895	38.43167634580557	6.130312227448496	2834.182808051778	9.223727820366431	.41799181547592795	1.12212	.6234000000000001	.77925	.3677700000000003	.12468	.6234000000000001	2.5434000000000005	.03117
12.56	796.4761191980942	8.282411575434839	36.27169140890652	5.556713805684504	2944.5179302938204	10.76083502079736	0	839.7445140634659	8.055450685210001	38.12198925051222	5.8819251074704715	3100.013113139072	12.650674536656668	0	864.2644220376333	7.8707877619593045	39.21974888461927	6.006589309077828	3187.6747870035506	9.847874227154849	0	691.3968199236934	6.926906167348014	31.373845968753173	4.869822095459864	2553.713457138046	11.152995331895683	0	709.2331599222092	7.572447347764618	31.974364754563698	5.187276988837486	2619.8278498122627	14.860058040246045	0	160.0686884965179	2.5575441097147524	7.188259441129462	1.2208654407819215	593.224981557626	13.489772636813154	0	809.9725973501621	8.371307947813976	37.07149203927096	5.508257280282668	2995.5043159739253	9.520123303278025	0	21.678473529810756	52.71728360617299	38.41229363945907	6.139043146039507	2832.987066276841	9.223727820366431	.41799181547592795	1.12212	.6234000000000001	.77925	.3677600000000003	.12468	.6234000000000001	2.543380000000001	.03117
12.58	795.8730689601309	8.241310212761336	36.235274874416376	5.563997100595022	2942.3839890895774	10.76083502079736	0	839.097837183091	8.016653322056642	38.083757356213624	5.889590197642165	3097.7521169320207	12.650674536656668	0	863.5918514228936	7.833591267252731	39.18047536602812	6.014498685855512	3185.3403341999237	9.847874227154849	0	690.8638147908309	6.893107571070518	31.342382641232327	4.876119059894252	2551.8474669254833	11.153298608451275	0	708.6851355125525	7.534984647502267	31.942253292655128	5.1936275585456055	2617.9057552379354	14.860058040246045	0	159.9467522565952	2.543977436140633	7.181109430577791	1.2221844227306289	592.7872135737591	13.489772636813154	0	809.3645387731411	8.329316327621003	37.034273648623746	5.515741291951983	2993.344189110011	9.520198165848036	0	21.662117345257485	52.69695294049819	38.39289771526065	6.147768657280425	2831.7912241715408	9.223727820366431	.41799181547592795	1.12212	.6234000000000001	.77925	.3677500000000003	.12468	.6234000000000001	2.5433600000000007	.03117
12.6	795.2708057085138	8.200444501083384	36.19888901348863	5.5712698762746236	2940.25210287475	10.76083502079736	0	838.4520796857493	7.978069012975206	38.04555703259822	5.897244126404155	3095.4934254263544	12.650674536656668	0	862.9202887690827	7.796590344642147	39.14123382257724	6.022396552582789	3183.0083454421515	9.847874227154849	0	690.331569168685	6.859497240462714	31.31094523551411	4.882406796678884	2549.983402564058	11.153601901500942	0	708.1378861702291	7.497737175417164	31.910168110831137	5.199968539038828	2615.9857002914805	14.860058040246045	0	159.82498560324746	2.530488761198438	7.173965678716085	1.2235009407762487	592.3499287441057	13.489772636813154	0	808.7572579337591	8.287556633746187	36.9970870483437	5.523214713076575	2991.186050164415	9.520273029595439	0	21.64578253614868	52.67668058284993	38.373488626260645	6.156488753403223	2830.595282807335	9.223727820366431	.41799181547592795	1.12212	.6234000000000001	.77925	.3677400000000003	.12468	.6234000000000001	2.5433400000000006	.03117
12.62	794.6693265801529	8.159812565684405	36.16253380975255	5.578532135501635	2938.122266158042	10.76083502079736	0	837.8072382532221	7.939696054597331	38.007388269357925	5.904886897768132	3093.2370319343536	12.650674536656668	0	862.2497308881238	7.7597831891892985	39.10202424798545	6.030282914205612	3180.6788134668905	9.847874227154849	0	689.8000803953489	6.826073576017992	31.27953374413931	4.888685309259089	2548.121258292173	11.153905211046029	0	707.5914086654645	7.460703496334856	31.87810920615873	5.2062999334860525	2614.067678296299	14.860058040246045	0	159.70338768448357	2.517077693242258	7.166828186787034	1.2248149934429613	591.9131253837188	13.489772636813154	0	808.1507541289477	8.246025908405473	36.95993221466165	5.530677546532403	2989.0298954996315	9.520347894520258	0	21.629469008708686	52.656466212104945	38.35406642542861	6.1652034266559985	2829.3992432543155	9.223727820366431	.41799181547592795	1.12212	.6234000000000001	.77925	.36773000000000033	.12468	.6234000000000001	2.5433200000000005	.03117
12.64	794.0686102465183	8.119422296489722	36.1262092529654	5.585783874062235	2935.99446489327	10.76083502079736	0	837.1632860639482	7.901543937712689	37.96925106633877	5.912518503408727	3090.982917693165	12.650674536656668	0	861.5801381940606	7.723185443574082	39.06284665004433	6.038157758696783	3178.3517123227007	9.847874227154849	0	689.2693254586366	6.79284617467758	31.248148171309197	4.894954587347292	2546.261019415381	11.154208537087882	0	707.0456926494998	7.423885748668816	31.846076575255143	5.212621742205708	2612.151679345737	14.860058040246045	0	159.5819565920336	2.503744250182303	7.159696958887182	1.2261265767752383	591.4768012770375	13.489772636813154	0	807.5449659761998	8.204754477753655	36.92280914618542	5.538129774713392	2986.875693877183	9.520422760622521	0	21.613176542797937	52.636309632248484	38.33463116592537	6.173912669310684	2828.2031065432607	9.223727820366431	.41799181547592795	1.12212	.6234000000000001	.77925	.3677200000000003	.12468	.6234000000000001	2.543300000000001	.03117
12.66	793.4686307488915	8.079284054063491	36.089915334455554	5.59302508596143	2933.8686829116723	10.76083502079736	0	836.5201903893984	7.863624987822358	37.93114542592214	5.920138931864953	3088.731060933467	12.650674536656668	0	860.9114619327679	7.686817167290258	39.02370104003455	6.046021069719599	3176.0270113841693	9.847874227154849	0	688.7392762310292	6.759827467364005	31.216788524140718	4.901214617168336	2544.4026690201113	11.154511879627847	0	706.5007260023631	7.387286976570833	31.814070214569586	5.2189339647731625	2610.2376927570904	14.860058040246045	0	159.46069015955763	2.4904885525488036	7.152571999815493	1.2274356861863829	591.0409540841395	13.489772636813154	0	806.9398167966807	8.163781085206846	36.88571784723547	5.545571374831892	2984.7234071229786	9.52049762790226	0	21.59690488714244	52.61621067982467	38.31518290090005	6.182616473657183	2827.0068736940216	9.223727820366431	.41799181547592795	1.12212	.6234000000000001	.77925	.3677100000000003	.12468	.6234000000000001	2.5432800000000007	.03117
12.68	792.8694145168328	8.03938060907762	36.05365202834197	5.6002557848984695	2931.74492843101	10.76083502079736	0	835.8779851128841	7.825919913457119	37.893071321622955	5.927748206460555	3086.4814742535887	12.650674536656668	0	860.2437564013935	7.650649133377105	38.984587389103815	6.0538728788161995	3173.704733107132	9.847874227154849	0	688.2099622562977	6.726998255041516	31.18545477662391	4.907465423682069	2542.54621564251	11.154815238667272	0	705.95651687255	7.350900134521466	31.7820901215391	5.225236608705123	2608.3257171854066	14.860058040246045	0	159.33958925249104	2.4773095581192144	7.145453306207301	1.228742324075861	590.6055830150018	13.489772636813154	0	806.3354016482604	8.123050410619216	36.84865825917094	5.55300238197467	2982.573075292913	9.520572496359499	0	21.580654151802133	52.59616884245572	38.295721682653465	6.191314831979449	2825.810545832365	9.223727820366431	.41799181547592795	1.12212	.6234000000000001	.77925	.3677000000000003	.12468	.6234000000000001	2.5432600000000005	.03117
12.7	792.2709576527815	7.999710750564141	36.01741931877923	5.607475973113179	2929.6231955994062	10.76083502079736	0	835.2366655282988	7.788427784726579	37.85502874364587	5.9353463302946805	3084.2341504017872	12.650674536656668	0	859.5770161548452	7.614680734632681	38.94550569155172	6.061713189700422	3171.3848692448005	9.847874227154849	0	687.6813796666323	6.6943577048999385	31.154146921910307	4.913707009332716	2540.691653129943	11.1551186142075	0	705.4130617044067	7.314724038550559	31.750136292915798	5.231529676861971	2606.415745951421	14.860058040246045	0	159.21865299535952	2.4642068978907186	7.1383408793955985	1.2300464887797666	590.1706864006954	13.489772636813154	0	805.731716002426	8.0825617362177	36.8116303600099	5.560422797629775	2980.4246931261723	9.520647365994268	0	21.564424238822564	52.57618381229496	38.27624756385173	6.2000077365900506	2824.6141240205734	9.223727820366431	.41799181547592795	1.12212	.6234000000000001	.77925	.3676900000000003	.12468	.6234000000000001	2.543240000000001	.03117
12.72	791.6732562624668	7.960273295535393	35.98121718996747	5.61468565280964	2927.5034785966013	10.76083502079736	0	834.5962269158093	7.75114770713954	37.81701768218178	5.942933306413401	3081.989082157055	12.650674536656668	0	858.9112356999478	7.578911416708908	38.906455941626064	6.069542006019127	3169.0674115701445	9.847874227154849	0	687.1535245814172	6.66190501762641	31.122864953140898	4.919939376508909	2538.8389753591737	11.15542200624988	0	704.8703569618915	7.278757517419557	31.718208725382507	5.2378131720674554	2604.507772421455	14.860058040246045	0	159.09788052174528	2.4511802030397045	7.131234720694735	1.2313481786229288	589.7362625839922	13.489772636813154	0	805.1287552349432	8.042314432810485	36.7746341278983	5.5678326232287	2978.2782553484485	9.520722236806591	0	21.548215051003936	52.556255283111	38.25676059708122	6.208695179817414	2823.4176093196184	9.223727820366431	.41799181547592795	1.12212	.6234000000000001	.77925	.3676800000000003	.12468	.6234000000000001	2.5432200000000007	.03117
12.74	791.076306453321	7.921067089869991	35.94504562615314	5.6218848261556795	2925.385771633215	10.76083502079736	0	833.9566645398925	7.714078822675015	37.77903812740971	5.950509137809002	3079.746262328104	12.650674536656668	0	858.2464094926011	7.543340679646345	38.8674381335254	6.0773593313512775	3166.752351874416	9.847874227154849	0	686.626393105589	6.629639428416542	31.091608863448062	4.926162527542793	2536.9881762356213	11.155725414795757	0	704.3283991278985	7.242999413102581	31.686307415554374	5.244087097108695	2602.601790007056	14.860058040246045	0	158.97727097412164	2.4382291050895475	7.124134831400477	1.2326473919190075	589.3023099193215	13.489772636813154	0	804.5265146212625	8.00230796236406	36.7376695411105	5.5752318601449335	2976.133756670021	9.5207971087965	0	21.532026491888796	52.53638295031774	38.2372608348486	6.217377154005757	2822.2210027892	9.223727820366431	.41799181547592795	1.12212	.6234000000000001	.77925	.36767000000000033	.12468	.6234000000000001	2.5432000000000006	.03117
12.76	790.480104332892	7.8820910091987395	35.908904611629744	5.629073495282376	2923.270068950005	10.76083502079736	0	833.3179736473709	7.677220310853209	37.741090069498576	5.958073827419274	3077.5056837523525	12.650674536656668	0	857.5825319349377	7.507968079408928	38.82845226140164	6.085165169207019	3164.4396819656727	9.847874227154849	0	686.0999813279966	6.597560207985566	31.060378645957492	4.932376464709162	2535.1392496926123	11.156028839846478	0	703.7871847035825	7.207448581267469	31.654432359980504	5.250351454736178	2600.697792164631	14.860058040246045	0	158.85682350368768	2.4253532360783843	7.117041212790055	1.23394412697059	588.8688267727258	13.489772636813154	0	803.9249893319233	7.962541880580229	36.700736578049735	5.58262050969252	2973.991191783841	9.52087198196402	0	21.51585846574977	52.516566511004406	38.21774832958082	6.226053651515041	2821.0243054877847	9.223727820366431	.41799181547592795	1.12212	.6234000000000001	.77925	.3676600000000003	.12468	.6234000000000001	2.5431800000000004	.03117
12.78	789.8846460072562	7.843343959790592	35.872794130738555	5.63625166228355	2921.1563648171305	10.76083502079736	0	832.6801494654507	7.640571389806539	37.703173498609004	5.9656273781268165	3075.2673392949114	12.650674536656668	0	856.919597372482	7.47279322941874	38.789498319362586	6.0929595230267575	3162.129393667302	9.847874227154849	0	685.5742853197588	6.5656666635794885	31.029174293790135	4.938581190224563	2533.2921896906387	11.156332281403389	0	703.2467102076829	7.172103891756853	31.622583555145564	5.2566062476637665	2598.795772395087	14.860058040246045	0	158.73653727020272	2.412552228726898	7.109953866122214	1.2352383820692852	588.4358115218167	13.489772636813154	0	803.3241744279593	7.923015839473165	36.663835217248675	5.589998573124611	2971.8505553636146	9.520946856309182	0	21.499710877577236	52.496805663965574	38.19822313362516	6.2347246647209	2819.827518472646	9.223727820366431	.41799181547592795	1.12212	.6234000000000001	.77925	.3676500000000003	.12468	.6234000000000001	2.5431600000000008	.03117
12.8	789.2899275794316	7.804824879438585	35.83671416786933	5.643419329215264	2919.04465353341	10.76083502079736	0	832.0431871997577	7.60413131735063	37.66528840489514	5.973169792758324	3073.0312218475706	12.650674536656668	0	856.2576000913076	7.437815802090766	38.75057630147452	6.1007423961802445	3159.8214788165437	9.847874227154849	0	685.0493011326247	6.5339581399862485	30.997995800064125	4.944776706246425	2531.4469902166124	11.156635739467838	0	702.706972175848	7.136964229069211	31.590760997471406	5.262851478568697	2596.8957242434644	14.860058040246045	0	158.6164114418211	2.3998257166060943	7.102872792637269	1.2365301554958203	588.003262555731	13.489772636813154	0	802.724064856304	7.883729589946442	36.626965437369925	5.5973660516320285	2969.711842061888	9.521021731832011	0	21.483583633067067	52.47710010973118	38.17868529924923	6.243390186014587	2818.6306427999	9.223727820366431	.41799181547592795	1.12212	.6234000000000001	.77925	.3676400000000003	.12468	.6234000000000001	2.5431400000000006	.03117
12.82	788.6959451477904	7.7665327383457985	35.80066470746108	5.650576498095312	2916.9349294255835	10.76083502079736	0	831.4070820323744	7.56789939205533	37.62743477850651	5.980701074083881	3070.797324327785	12.650674536656668	0	855.5965343151963	7.403035530367661	38.71168620176478	6.10851379196565	3157.5159292630146	9.847874227154849	0	684.5250247973321	6.502434020546878	30.966843157896715	4.950963014872167	2529.6036452831213	11.156939214041172	0	702.1679671599601	7.102028492839937	31.55896468331871	5.26908715009158	2594.997641298577	14.860058040246045	0	158.49644519492665	2.387173334305085	7.095797993557154	1.2378194455201363	587.5711782750865	13.489772636813154	0	802.1246554451958	7.8446829843700785	36.590127217206536	5.604722946341813	2967.5750465081283	9.521096608532535	0	21.467476638608318	52.45744955059655	38.15913487864096	6.2520502078029105	2817.4336795245504	9.223727820366431	.41799181547592795	1.12212	.6234000000000001	.77925	.3676300000000003	.12468	.6234000000000001	2.5431200000000005	.03117
12.84	788.1026948044722	7.728466540011274	35.764645734002784	5.657723170902725	2914.8271868475736	10.76083502079736	0	830.771829119877	7.531874954315695	37.589612609589764	5.988221224816259	3068.56563967766	12.650674536656668	0	854.9363942027954	7.368452209254492	38.672828014224294	6.116273713608648	3155.212736867232	9.847874227154849	0	684.0014523219664	6.4710937281666405	30.93571636040622	4.957140118138331	2527.762148927684	11.157242705124737	0	701.6296917274587	7.06729559832239	31.527194608988566	5.275313264836402	2593.1015171926483	14.860058040246045	0	158.3766377139674	2.3745947175988644	7.088729470085472	1.2391062504014827	587.1395570919382	13.489772636813154	0	801.5259408995826	7.805875979157562	36.55332053568253	5.612069258315786	2965.4401633068087	9.521171486410783	0	21.451389801270942	52.43785369065241	38.139571923908655	6.26070472250818	2816.2366297005196	9.223727820366431	.41799181547592795	1.12212	.6234000000000001	.77925	.36762000000000034	.12468	.6234000000000001	2.543100000000001	.03117
12.86	787.5101726337961	7.690625322115973	35.728657232034095	5.664859349577262	2912.721420179744	10.76083502079736	0	830.1374235913711	7.496057387423006	37.55182188829052	5.995730247610211	3066.3361608629375	12.650674536656668	0	854.2771738447769	7.3340656973535125	38.6340017328102	6.124022164261495	3152.9118934991366	9.847874227154849	0	683.4785796903202	6.4399367263262	30.904615400713933	4.963308018019686	2525.922495212005	11.157546212719883	0	701.0921424606657	7.032764476868964	31.495450770724123	5.281529825370531	2591.2073456009475	14.860058040246045	0	158.25698819129005	2.36208950361609	7.081667223407549	1.2403905683885144	586.7083974297336	13.489772636813154	0	800.9279157965276	7.767308637342893	36.51654537185338	5.619404988549102	2963.307187035492	9.52124636546678	0	21.435323028793498	52.41831223581493	38.119996487080975	6.269353722568141	2815.0394943806928	9.223727820366431	.41799181547592795	1.12212	.6234000000000001	.77925	.3676100000000003	.12468	.6234000000000001	2.5430800000000007	.03117
12.88	786.9183747106745	7.653008157408712	35.69269918614611	5.671985036018909	2910.6176238281632	10.76083502079736	0	829.5038605465295	7.4604461186357645	37.514062604755175	6.003228145061763	3064.108880871984	12.650674536656668	0	853.6188672609946	7.299875918398909	38.59520735144836	6.131759147002111	3150.613391036616	9.847874227154849	0	682.9564028602513	6.408962520092766	30.873540271946062	4.969466716428358	2524.084678221231	11.157849736827954	0	700.5553159561096	6.998434076412138	31.4637331647122	5.287736834224713	2589.315120241428	14.860058040246045	0	158.13749582697477	2.3496573310068607	7.074611254690483	1.2416723977193864	586.2776977232699	13.489772636813154	0	800.3305745806141	7.728981131157618	36.47980170490658	5.626730137968813	2961.1761122429143	9.521321245700557	0	21.419276229570848	52.39882489385572	38.100408620106975	6.277997200435917	2813.842274616956	9.223727820366431	.41799181547592795	1.12212	.6234000000000001	.77925	.3676000000000003	.12468	.6234000000000001	2.5430600000000005	.03117
12.9	786.3272970990253	7.6156141545921185	35.65677158098209	5.67910023208737	2908.515792223863	10.76083502079736	0	828.8711350536288	7.4250406202507095	37.47633474913273	6.010714919707509	3061.883792714775	12.650674536656668	0	852.9614683976434	7.2658828627915755	38.55644486403598	6.1394846648331525	3148.3172213640314	9.847874227154849	0	682.434917762043	6.3781706571312595	30.84249096723569	4.975616215212941	2522.2486920632077	11.158153277450301	0	700.0192088238492	6.96430336194556	31.432041787084906	5.293934293893074	2587.424834874363	14.860058040246045	0	158.0181598286696	2.3372978401105042	7.067561565083201	1.2429517366218499	585.8474564186484	13.489772636813154	0	799.7339115593509	7.690893744607881	36.4430895141621	5.634044707432411	2959.0469334470667	9.521396127112142	0	21.403249312641897	52.379391374431854	38.08080837485609	6.28663514857995	2812.6449714602336	9.223727820366431	.41799181547592795	1.12212	.6234000000000001	.77925	.3675900000000003	.12468	.6234000000000001	2.543040000000001	.03117
12.92	785.736935850185	7.578442459208555	35.620874401238176	5.68620493960157	2906.4159198220996	10.76083502079736	0	828.2392421475852	7.3898404106738	37.43863831157659	6.01819057402391	3059.6608894218807	12.650674536656668	0	852.304971124417	7.232086589133854	38.51771426444414	6.1471987206811045	3146.0233763707365	9.847874227154849	0	681.9141202967622	6.347560728715453	30.81146747972467	4.981756516157623	2520.4145308677307	11.15845683458827	0	699.4838176867992	6.9303713160050755	31.40037663392126	5.300122206833123	2585.536483301985	14.860058040246045	0	157.89897941142524	2.3250106731233453	7.0605181557165	1.2442285833133473	585.4176719732319	13.489772636813154	0	799.137920898577	7.6530468760514365	36.40640877907294	5.641348697726397	2956.9196451332823	9.52147100970156	0	21.38724218767726	52.360011389115925	38.06119580311818	6.29526755948394	2811.447585960528	9.223727820366431	.41799181547592795	1.12212	.6234000000000001	.77925	.3675800000000003	.12468	.6234000000000001	2.5430200000000007	.03117
12.94	785.1472870013215	7.541492254526074	35.58500763166415	5.693299160339149	2904.318001101614	10.76083502079736	0	827.6081768279926	7.354845055491236	37.40097328224636	6.025655110426578	3057.440164043454	12.650674536656668	0	851.6493692316658	7.198487225764309	38.47901554652037	6.154901317395351	3143.7318479496043	9.847874227154849	0	681.3940063346186	6.317132370739133	30.780469802565577	4.987887620981296	2518.582188785806	11.158760408243207	0	698.949139180053	6.896636939149814	31.36873770124882	5.306300575465755	2583.6500593681194	14.860058040246045	0	157.77995379752954	2.312795474266494	7.05348102770311	1.245502936001109	584.9883428555995	13.489772636813154	0	798.5425966178673	7.615441040774702	36.36975947922563	5.6486421095648325	2954.7942417523154	9.52154589346884	0	21.371254764967	52.340684651426024	38.04157095660353	6.303894425646786	2810.2501191669585	9.223727820366431	.41799181547592795	1.12212	.6234000000000001	.77925	.3675700000000003	.12468	.6234000000000001	2.5430000000000006	.03117
12.96	784.5583465738471	7.504762762424354	35.5491712570641	5.700382896035956	2902.2220305638934	10.76083502079736	0	826.9779340571581	7.320054168540449	37.36333965130969	6.033108531269581	3055.221609648215	12.650674536656668	0	850.9946564275555	7.165084972292469	38.44034870409125	6.162592457747259	3141.44262799555	9.847874227154849	0	680.8745717133237	6.286885264727252	30.749497928923645	4.994009531336685	2516.7516599889022	11.159063998416466	0	698.4151699502083	6.863099250443234	31.337124985045275	5.312469402175251	2581.765556957824	14.860058040246045	0	157.6610822163421	2.300651889953621	7.046450182137734	1.246774792882248	584.5594675455034	13.489772636813154	0	797.9479325859372	7.57807687356979	36.33314159434074	5.655924943587895	2952.6707177184285	9.521620778414011	0	21.355286955408317	52.321410876855765	38.02193388694285	6.312515739582527	2809.0525721278	9.223727820366431	.41799181547592795	1.12212	.6234000000000001	.77925	.36756000000000033	.12468	.6234000000000001	2.5429800000000005	.03117
12.98	783.9701105718309	7.468253244280656	35.51336526229727	5.707456148385548	2900.128002732433	10.76083502079736	0	826.3485087581396	7.285467412981124	37.32573740894405	6.040550838844729	3053.0052193224374	12.650674536656668	0	850.3408263352254	7.131880101133611	38.40171373096495	6.170272144429257	3139.155708404055	9.847874227154849	0	680.3558122364504	6.256819138847092	30.718551851978706	5.000122248809457	2514.9229386682086	11.15936760510939	0	697.881906654691	6.829757287934201	31.305538481240113	5.318628689309278	2579.882969997027	14.860058040246045	0	157.542363904129	2.288579568958742	7.039425620097112	1.2480441521438552	584.1310445338245	13.489772636813154	0	797.3539225160484	7.540955131311552	36.2965551042734	5.663197200360433	2950.5490674074745	9.521695664537098	0	21.339338670493284	52.30218978290436	38.00228464568731	6.321131493820279	2807.8549458905213	9.223727820366431	.41799181547592795	1.12212	.6234000000000001	.77925	.3675500000000003	.12468	.6234000000000001	2.5429600000000008	.03117
13	783.3825749804123	7.4319630018557445	35.47758963227867	5.714518919038687	2898.035912151993	10.76083502079736	0	825.7198958127823	7.2510845023661785	37.288166545338605	6.047982035380877	3050.7909861689363	12.650674536656668	0	849.6878724899464	7.0988729590434945	38.36311062093379	6.177940380053917	3136.871081069689	9.847874227154849	0	679.8377236717912	6.226933768919403	30.6876315649271	5.006225774917344	2513.096019033887	11.159671228323328	0	697.3493459610792	6.796610109138029	31.273978185716196	5.324778439178888	2578.002292452159	14.860058040246045	0	157.42379810389724	2.276578162583992	7.032407342640061	1.2493110119630968	583.7030723225282	13.489772636813154	0	796.7605599614135	7.5040766955346045	36.25999998901382	5.670458880370528	2948.42928515498	9.521770551838133	0	21.32340982229652	52.28302108910655	37.98262328430855	6.329741680904178	2806.6572415018263	9.223727820366431	.41799181547592795	1.12212	.6234000000000001	.77925	.3675400000000003	.12468	.6234000000000001	2.5429400000000006	.03117
13.02	782.7957511902238	7.395881099843885	35.441844342725126	5.721571217503682	2895.945758765594	10.76083502079736	0	825.0921117367991	7.216891538365349	37.2506270369459	6.055402135384074	3048.578911459653	12.650674536656668	0	849.0358252087412	7.066041723580685	38.32453934967537	6.1855971840899535	3134.5887525400794	9.847874227154849	0	679.3203205874033	6.197215687588782	30.65673704429226	5.012320126563886	2511.2709009771233	11.15997486805963	0	696.8174883648705	6.763653374375273	31.242444088913114	5.33091865712465	2576.1235189035133	14.860058040246045	0	157.305383996694	2.264647051090781	7.025395351876956	1.2505753714189396	583.2755492395918	13.489772636813154	0	796.1678988799908	7.467404353875754	36.22347620620065	5.677710007839005	2946.3113874611854	9.52184544031714	0	21.307500326489006	52.26390448807026	37.962949854371274	6.33834629341606	2805.4594599579295	9.223727820366431	.41799181547592795	1.12212	.6234000000000001	.77925	.3675300000000003	.12468	.6234000000000001	2.5429200000000005	.03117
13.04	782.2096632184799	7.359988217287244	35.40612936182228	5.728613059723399	2893.857546945558	10.76083502079736	0	824.4651907750374	7.182863471807671	37.21311884895933	6.062811163414995	3046.3690031666574	12.650674536656668	0	848.3847449489642	7.033346409680641	38.285999878014145	6.1932425898119625	3132.3087413758435	9.847874227154849	0	678.8036329584007	6.167640578419639	30.625868252931802	5.018405333255073	2509.447589049845	11.160278524319644	0	696.2863375013277	6.730879962480691	31.21093617680073	5.337049350964611	2574.246644441584	14.860058040246045	0	157.18712071378036	2.252785393151563	7.018389650777238	1.2518372303281158	582.8484734722732	13.489772636813154	0	795.5760427248775	7.430869684046787	36.18698369517011	5.68495062643103	2944.1954089909495	9.521920329974149	0	21.291610101780968	52.244839650726405	37.943264407502184	6.346945323971308	2804.261602213558	9.223727820366431	.41799181547592795	1.12212	.6234000000000001	.77925	.3675200000000003	.12468	.6234000000000001	2.542900000000001	.03117
13.06	781.6242759955629	7.324304429983235	35.37044469324829	5.7356444313456265	2891.771260492993	10.76083502079736	0	823.8390841281308	7.149027621381237	37.175641999235545	6.070209096718509	3044.1612380569877	12.650674536656668	0	847.7345508942171	7.0008322832028	38.24749223607336	6.200876565563786	3130.031010019466	9.847874227154849	0	678.2876185934227	6.13823506749071	30.595025217633566	5.024481365253624	2507.6260661390043	11.16058219710472	0	695.7558823937782	6.6982958567600726	31.179454455976106	5.343170516740644	2572.371661999639	14.860058040246045	0	157.06900765507112	2.240993398553618	7.011390238197976	1.2530965850072617	582.4218439272219	13.489772636813154	0	794.9848628671336	7.394550737309354	36.15052248149386	5.692180688563212	2942.08129933702	9.521995220809185	0	21.275739055842042	52.22582636113794	37.923566994587695	6.355538765113076	2803.0636694133063	9.223727820366431	.41799181547592795	1.12212	.6234000000000001	.77925	.3675100000000003	.12468	.6234000000000001	2.5428800000000007	.03117
13.08	781.0395867475121	7.288828322248281	35.33479032134934	5.7426653345273735	2889.686894494861	10.76083502079736	0	823.2137883658933	7.115382732688442	37.13819647684071	6.0775959383305675	3041.9556099937854	12.650674536656668	0	847.0852393849057	6.968498082093555	38.20901641604411	6.208499115092366	3127.755551613042	9.847874227154849	0	677.7722747279225	6.108997983205224	30.56420793023753	5.030548225131684	2505.8063270123666	11.160885886416207	0	695.2261200734891	6.6658999022340275	31.147998921685595	5.349282156882225	2570.498565752061	14.860058040246045	0	156.9510440829634	2.229270706744129	7.004397115219204	1.254353433673542	581.9956591343187	13.489772636813154	0	794.3943574057831	7.358445618083833	36.1140925437651	5.699400196458888	2939.969054572681	9.522070112822279	0	21.25988710321558	52.206864344777806	37.90385766679636	6.364126609446941	2801.8656625969	9.223727820366431	.41799181547592795	1.12212	.6234000000000001	.77925	.3675000000000003	.12468	.6234000000000001	2.5428600000000006	.03117
13.1	780.4555927498004	7.253558472373642	35.29916623048532	5.749675771419419	2887.6044440822952	10.76083502079736	0	822.5893001143281	7.081927539498719	37.10078227079368	6.084971691281674	3039.7521128919893	12.650674536656668	0	846.4368068417351	6.936342516285719	38.17057241002493	6.2161102421439605	3125.482359362862	9.847874227154849	0	677.2575986465426	6.079928140931976	30.533416382527296	5.036605915465498	2503.9883664809577	11.161189592255452	0	694.6970475973883	6.633690948893159	31.116569569110318	5.35538427379739	2568.6273499147637	14.860058040246045	0	156.83322926542925	2.217616959183347	6.997410282908588	1.2556077745391827	581.569917633394	13.489772636813154	0	793.8045245564131	7.322552379287397	36.07769386060346	5.706609152375185	2937.858670831149	9.522145006013458	0	21.244054158981	52.18795332916121	37.88413647521813	6.372708849593314	2800.6675828032476	9.223727820366431	.41799181547592795	1.12212	.6234000000000001	.77925	.3674900000000003	.12468	.6234000000000001	2.5428400000000004	.03117
13.12	779.8722913276362	7.2184934522532505	35.26357240502939	5.756675744166766	2885.5239044305163	10.76083502079736	0	821.9656160563179	7.048660763147088	37.063399370066165	6.092336358597687	3037.550740718325	12.650674536656668	0	845.7892497673828	6.90436426651035	38.13216021002223	6.223709950465295	3123.2114265397304	9.847874227154849	0	676.7435876837795	6.051024342389487	30.50265056622999	5.0426544388364185	2502.1721793990137	11.161493314623804	0	694.1686620478562	6.601667851760858	31.085166393367153	5.361476869873114	2566.758008744896	14.860058040246045	0	156.71556247584206	2.2060317994788727	6.9904297423216	1.2568596058116783	581.144617974161	13.489772636813154	0	793.215362653993	7.286869020232564	36.04132641065272	5.713807558604481	2935.750144306371	9.52221990038275	0	21.22824013874189	52.16909304387215	37.86440347086435	6.381285478187385	2799.4694310704704	9.223727820366431	.41799181547592795	1.12212	.6234000000000001	.77925	.3674800000000003	.12468	.6234000000000001	2.5428200000000007	.03117
13.14	779.2896798562632	7.183631827011509	35.22800882936763	5.76366525490911	2883.4452707587525	10.76083502079736	0	821.3427329323147	7.015581111932661	37.02604776358282	6.0996899433006275	3035.351487491283	12.650674536656668	0	845.1425647481691	6.872561983108583	38.093779807950554	6.231298243804718	3120.9427464792825	9.847874227154849	0	676.2302392246492	6.022285375030148	30.47191047301615	5.048693797831922	2500.3577606639287	11.161797053522616	0	693.6409605325174	6.569829470956077	31.053789389509692	5.367559947475686	2564.8905365405503	14.860058040246045	0	156.5980429928027	2.194514873519923	6.983455494501708	1.2581089256939995	580.7197587161481	13.489772636813154	0	792.6268701556941	7.251393484525724	36.00499017257862	5.720995417475883	2933.64347125383	9.522294795930181	0	21.212444958614043	52.15028322058983	37.84465870466785	6.389856487879058	2798.2712084359378	9.223727820366431	.41799181547592795	1.12212	.6234000000000001	.77925	.3674700000000003	.12468	.6234000000000001	2.5428000000000006	.03117
13.16	778.7077557612629	7.148972154631117	35.19247548789861	5.770644305781303	2881.3685383301595	10.76083502079736	0	820.7206475410302	6.982687280517196	36.98872744022141	6.1070324484094805	3033.15434728111	12.650674536656668	0	844.4967484557296	6.840934284843458	38.05543119563302	6.23887512591335	3118.6763125823018	9.847874227154849	0	675.7175507053512	5.9937100114243895	30.44119609449962	5.054723995046616	2498.5451052162034	11.162100808953236	0	693.1139401840331	6.538174671756123	31.022438552529202	5.373633508951089	2563.02492764047	14.860058040246045	0	156.48067009996578	2.18306582961161	6.976487540480554	1.259355732384799	580.2953384286337	13.489772636813154	0	792.0390456437083	7.216123657965685	35.96868512506661	5.728172731356691	2931.5386479913454	9.52236969265578	0	21.196668535213583	52.131523593115155	37.82490222748294	6.398421871332902	2797.0729159362986	9.223727820366431	.41799181547592795	1.12212	.6234000000000001	.77925	.3674600000000003	.12468	.6234000000000001	2.5427800000000005	.03117
13.18	778.1265165188548	7.114512985580864	35.15697236503298	5.777612898913814	2879.293702451738	10.76083502079736	0	820.0993567401255	6.949977949323588	36.95143838881291	6.114363876941002	3030.959314209786	12.650674536656668	0	843.8517976486862	6.809479757711735	38.01711436480163	6.24644060054624	3116.412118315039	9.847874227154849	0	675.2055196139345	5.965297008644806	30.41050742223743	5.060745033083247	2496.734208039394	11.162404580917011	0	692.5875981598917	6.506702324659424	30.991113877355573	5.379697556625372	2561.161176423757	14.860058040246045	0	156.36344308586575	2.1716843186092083	6.969525881278138	1.2606000240786204	579.8713556905783	13.489772636813154	0	791.4518878280677	7.181057366442197	35.93241124681956	5.735339502653876	2929.435670899874	9.522444590559573	0	21.18091078564501	52.112813897397224	37.80513409008547	6.406981621228089	2795.8745546075143	9.223727820366431	.41799181547592795	1.12212	.6234000000000001	.77925	.3674500000000003	.12468	.6234000000000001	2.542760000000001	.03117
13.2	777.5459596561976	7.08025286244345	35.12149944519307	5.784571036433195	2877.2207584742537	10.76083502079736	0	819.478857446902	6.917451783934422	36.91418059814167	6.121684231910522	3028.7663824510137	12.650674536656668	0	843.207709174319	6.7781969537557245	37.97882930709761	6.253994671463518	3114.1501572095276	9.847874227154849	0	674.6941434909612	5.937045107650331	30.3798444477297	5.066756914553718	2494.925064160061	11.162708369415295	0	692.0619316422018	6.475411305448319	30.95981535885829	5.38575209280503	2559.2992773095766	14.860058040246045	0	156.24636124374328	2.160369994052429	6.962570517903	1.2618417989661046	579.4478090905582	13.489772636813154	0	790.8653955494636	7.14619237383449	35.896168516555605	5.742495733815546	2927.334536424313	9.522519489641592	0	21.16517162748929	52.094153871559755	37.78535434317284	6.415535730258337	2794.676125484891	9.223727820366431	.41799181547592795	1.12212	.6234000000000001	.77925	.3674400000000003	.12468	.6234000000000001	2.5427400000000007	.03117
13.22	776.9660827516906	7.046190319543293	35.086056712812535	5.791518720462545	2875.1497017921542	10.76083502079736	0	818.8591466389908	6.8851074344904815	36.876954056945486	6.128993516332755	3026.5755462302	12.650674536656668	0	842.5644799702379	6.747084389875111	37.940576014071794	6.261537342431548	3111.8904228639026	9.847874227154849	0	674.1834199301725	5.908953032670371	30.34920716241951	5.072759642080092	2493.117668647717	11.163012174449435	0	691.5369378374827	6.444300495251838	30.92854299184738	5.391797119777383	2557.4392247568685	14.860058040246045	0	156.12942387137127	2.1491225122996935	6.9556214513524	1.2630810552341971	579.0246972266988	13.489772636813154	0	790.279567782066	7.111526379909809	35.859956913005846	5.74964142733242	2925.235241074301	9.522594389901862	0	21.149450978791936	52.075543255927606	37.76556303736407	6.424084191131859	2793.4776296031146	9.223727820366431	.41799181547592795	1.12212	.6234000000000001	.77925	.3674300000000003	.12468	.6234000000000001	2.5427200000000005	.03117
13.24	776.3868834352745	7.012323882574355	35.0506441523359	5.798455953121967	2873.0805278434914	10.76083502079736	0	818.2402213550431	6.852943535089293	36.8397587539158	6.136291733222595	3024.386799824442	12.650674536656668	0	841.9221070660544	6.716140546638791	37.902354477184964	6.26906861722408	3109.6329089427177	9.847874227154849	0	673.673346579153	5.881019490588976	30.318595557692827	5.078753218295606	2491.3120166147773	11.163315996020781	0	691.0126139764571	6.413368780608488	30.89729677107439	5.397832639810947	2555.5810132640513	14.860058040246045	0	156.0126302708814	2.137941532662408	6.948678682612504	1.264317791066355	578.6020187066082	13.489772636813154	0	789.6944036363423	7.0770570182219625	35.823776414912125	5.756776585739295	2923.137781425021	9.52266929134041	0	21.133748758051084	52.056981793053225	37.745760223199795	6.432626996571297	2792.2790679962795	9.223727820366431	.41799181547592795	1.12212	.6234000000000001	.77925	.3674200000000003	.12468	.6234000000000001	2.542700000000001	.03117
13.26	775.8083593887327	6.978652068227929	35.01526174821815	5.805382736529041	2871.013232109836	10.76083502079736	0	817.6220786954207	6.8209587031836305	36.80259467769778	6.143578885595928	3022.2001375625077	12.650674536656668	0	841.2805875850527	6.685363867096679	37.8641646878082	6.276588499623406	3107.377609177264	9.847874227154849	0	673.1639211399953	5.853243170328973	30.28800962487835	5.084737645845682	2489.508103216505	11.163619834130687	0	690.4889573138425	6.382615053529029	30.86607669123333	5.4038586551558145	2553.724637368731	14.860058040246045	0	155.89597974858995	2.1268267175392315	6.941742212658565	1.2655520046427542	578.1797721473099	13.489772636813154	0	789.1099023618768	7.042781854009834	35.7876270010248	5.7639012116165205	2921.0421541179994	9.522744193957266	0	21.118064884205573	52.03846922774311	37.725945951142336	6.441164139313671	2791.080441697925	9.223727820366431	.41799181547592795	1.12212	.6234000000000001	.77925	.3674100000000003	.12468	.6234000000000001	2.5426800000000007	.03117
13.28	775.2305083459921	6.945173383820468	34.97990948492439	5.812299072799284	2868.9478101162013	10.76083502079736	0	817.0047158228853	6.789151538980055	36.76546181689048	6.150854976470437	3020.0155538248264	12.650674536656668	0	840.6399187458619	6.654752755591542	37.826006637223244	6.28409699342151	3105.1245173658845	9.847874227154849	0	672.6551413699655	5.825622742236125	30.257449355247434	5.090712927388935	2487.705923650963	11.1639236887805	0	689.965965128143	6.352038211559253	30.834882746961636	5.4098751680440325	2551.870091647408	14.860058040246045	0	155.7794716148243	2.1157777325503524	6.934812042455104	1.2667836941404975	577.7579561751767	13.489772636813154	0	788.5260633501904	7.008698382095934	35.7515086501005	5.771015307591471	2918.948355861912	9.522819097752457	0	21.10239927662302	52.020005307084304	37.706120271575706	6.449695612110323	2789.8817517410666	9.223727820366431	.41799181547592795	1.12212	.6234000000000001	.77925	.3674000000000003	.12468	.6234000000000001	2.5426600000000006	.03117
13.3	774.6533280934246	6.911886326921386	34.94458734692939	5.819204964046611	2866.8842574309574	10.76083502079736	0	816.3881299632895	6.757520624837433	36.72836016004692	6.158120008866402	3017.8330430434653	12.650674536656668	0	840.0000978641273	6.624305576570824	37.78788031662284	6.291594102421226	3102.8736273742957	9.847874227154849	0	672.1470050821677	5.798156857463282	30.226914740013957	5.096679065598186	2485.905473158961	11.164227559971572	0	689.4436347214406	6.321637157842773	30.803714932841128	5.415882180689974	2550.017370715185	14.860058040246045	0	155.66310518374905	2.1047942466717577	6.927888172956093	1.2680128577338208	577.3365694258637	13.489772636813154	0	787.9428861375587	6.974804024784929	35.71542134089985	5.7781188763400095	2916.8563834333822	9.52289400272601	0	21.086751855087904	52.00158978047086	37.686283234805664	6.458221407726852	2788.682999158228	9.223727820366431	.41799181547592795	1.12212	.6234000000000001	.77925	.3673900000000003	.12468	.6234000000000001	2.5426400000000005	.03117
13.32	774.0768164701481	6.878789384980883	34.909295318717206	5.826100412383797	2864.822569665755	10.76083502079736	0	815.7723184062667	6.726064524665474	36.69128969567428	6.165373985807507	3015.65259970212	12.650674536656668	0	839.361122354182	6.5940206533984815	37.749785717111095	6.299079830437381	3100.624933135902	9.847874227154849	0	671.639510146209	5.770844147354538	30.196405770334245	5.102636063161469	2484.1067470240046	11.164531447705253	0	688.9219634191878	6.291410801183804	30.772573243398988	5.421879695290722	2548.1664692254717	14.860058040246045	0	155.54687977319225	2.093875932369513	6.92097060510514	1.2692394935943005	576.9156105442416	13.489772636813154	0	787.3603704078324	6.941096129762184	35.679365052185325	5.785211920587966	2914.766233677784	9.522968908877953	0	21.07112253978965	51.983222399630314	37.66643489105975	6.466741518943067	2787.484184981477	9.223727820366431	.41799181547592795	1.12212	.6234000000000001	.77925	.3673800000000003	.12468	.6234000000000001	2.5426200000000008	.03117
13.34	773.5009713683269	6.84588103495774	34.87403338478077	5.832985419922947	2862.7627424754396	10.76083502079736	0	815.1572785059205	6.694781783323241	36.65425041223399	6.172616910321647	3013.474218336096	12.650674536656668	0	838.7229897307191	6.56389626716679	37.71172282970383	6.306554181297962	3098.3784286521163	9.847874227154849	0	671.1326544888642	5.743683222829372	30.165922437306914	5.108583922783047	2482.3097405722438	11.164835351982894	0	688.4009485699985	6.261358056109939	30.741457673108687	5.427867714026438	2546.3173818696964	14.860058040246045	0	155.43079470447157	2.0830224657340253	6.914059339835665	1.2704635998910607	576.4950781843302	13.489772636813154	0	786.7785159952557	6.907571967992287	35.64333976271889	5.792294443112606	2912.6779035100435	9.523043816208315	0	21.05551125131068	51.96490291865016	37.6465752904873	6.475255938552922	2786.2853102424533	9.223727820366431	.41799181547592795	1.12212	.6234000000000001	.77925	.3673700000000003	.12468	.6234000000000001	2.5426000000000006	.03117
13.36	772.9257907334738	6.813159742947141	34.838801529621506	5.839859988775957	2860.7047715579733	10.76083502079736	0	814.5430076815162	6.6636709260176845	36.61724229814186	6.17984878544173	3011.2978935322917	12.650674536656668	0	838.0856976104621	6.533930655508182	37.67369164532894	6.314017158845257	3096.1341079926724	9.847874227154849	0	670.6264360947409	5.716672673766805	30.135464731972803	5.114522647184416	2480.514449172421	11.165139272805847	0	687.8805875454403	6.231477842934935	30.710368216390968	5.433846239060748	2544.4701033770098	14.860058040246045	0	155.31484930222064	2.0722335266143226	6.907154378071089	1.2716851747909814	576.0749710092314	13.489772636813154	0	786.1973228872858	6.874228731617591	35.60734545125987	5.7993664467440995	2910.591389915443	9.523118724717122	0	21.039917910614534	51.9466310940043	37.6267044831595	6.483764659364467	2785.0863759724057	9.223727820366431	.41799181547592795	1.12212	.6234000000000001	.77925	.3673600000000003	.12468	.6234000000000001	2.5425800000000005	.03117
13.38	772.3512725647507	6.780623963808476	34.80359973774889	5.846724121054975	2858.6486526543536	10.76083502079736	0	813.9295034181695	6.6327304577021655	36.58026534176823	6.187069614206484	3009.123619929185	12.650674536656668	0	837.4492437138379	6.504122011407066	37.63569215482672	6.321468766937018	3093.891965295949	9.847874227154849	0	670.1208530069442	5.6898110683895515	30.10503264531484	5.1204522391053215	2478.7208682358205	11.16544321017546	0	687.3608777398259	6.2017690878214875	30.679304867614803	5.439815272541112	2542.624628513993	14.860058040246045	0	155.19904289421507	2.061508798752324	6.900255720725012	1.272904216458904	575.6552876910629	13.489772636813154	0	785.6167912274123	6.8410635318567445	35.571382096562616	5.806427934366995	2908.506689950418	9.523193634404404	0	21.024342439033912	51.928406684579556	37.60682251906942	6.492267674199782	2783.8873832022223	9.223727820366431	.41799181547592795	1.12212	.6234000000000001	.77925	.3673500000000003	.12468	.6234000000000001	2.542560000000001	.03117
13.4	771.7774034073617	6.748278500204432	34.76842800211043	5.8535778100138165	2856.5943764689905	10.76083502079736	0	813.3167499155452	6.601966431410558	36.5433195434069	6.194279386603885	3006.9513865503573	12.650674536656668	0	836.813603048727	6.4744817778409764	37.597724365119916	6.328908991847499	3091.651985379117	9.847874227154849	0	669.6158903349595	5.663105279561604	30.07462618307255	5.126372685480334	2476.9289886563884	11.165747164093089	0	686.8418135760528	6.172231989120768	30.6482676254938	5.445774810731737	2540.7809504973497	14.860058040246045	0	155.08337497236172	2.050847655250318	6.893363369171871	1.2741207225533113	575.2360268044885	13.489772636813154	0	785.0368777372439	6.8080997633388245	35.535449705038786	5.813478882178924	2906.423783428343	9.523268545270188	0	21.0087847675704	51.910229301874026	37.58692944831215	6.500764975851963	2782.6883328043714	9.223727820366431	.41799181547592795	1.12212	.6234000000000001	.77925	.3673400000000003	.12468	.6234000000000001	2.5425400000000007	.03117
13.42	771.2041510562686	6.716138534411412	34.73328632943649	5.8604210344313605	2854.541925448947	10.76083502079736	0	812.70470962272	6.5713972467368675	36.506404922864135	6.201478071292943	3004.7811732116575	12.650674536656668	0	836.1787134444413	6.445043076808585	37.55978830946635	6.336337791109277	3089.4141377846295	9.847874227154849	0	669.1115120172489	5.636575763849099	30.044245375135127	5.13228394740639	2475.1387939195247	11.166051134560083	0	686.32338460708	6.142868820317534	30.617256495874106	5.451724840293693	2538.939059987365	14.860058040246045	0	154.9678452947098	2.040248959190853	6.886477325545428	1.27533468990664	574.8171867591878	13.489772636813154	0	784.45746808698	6.775403819631667	35.49954832829561	5.8205192227358395	2904.3426219417456	9.5233434573145	0	20.993244842786577	51.89209831502518	37.567025321199026	6.509256557057827	2781.489225392695	9.223727820366431	.41799181547592795	1.12212	.6234000000000001	.77925	.3673300000000003	.12468	.6234000000000001	2.5425200000000006	.03117
13.44	770.6315441099644	6.684185665722308	34.69817468196149	5.867253819854057	2852.491308898409	10.76083502079736	0	812.0934155403896	6.541001325640456	36.469521436718935	6.208665705869336	3002.6129896930847	12.650674536656668	0	835.5446332922963	6.415768794878515	37.52188393567961	6.3437552151828625	3087.178441694179	9.847874227154849	0	668.6077506402298	5.610198997456096	30.01389017312888	5.138186069537123	2473.3502916238463	11.166355121577794	0	685.8055962127319	6.113675176398497	30.586271461349845	5.457665378846718	2537.0989560585617	14.860058040246045	0	154.85245277116888	2.029713239043526	6.87959758948659	1.2765461180132571	574.3987665353425	13.489772636813154	0	783.8786781691897	6.742902821567597	35.46367787189131	5.827549029824574	2902.263248560805	9.52341837053737	0	20.97772256242338	51.874013886588635	37.54711018701263	6.517742410794842	2780.29006241533	9.223727820366431	.41799181547592795	1.12212	.6234000000000001	.77925	.3673200000000003	.12468	.6234000000000001	2.5425000000000004	.03117
13.46	770.0595795698301	6.652418971969737	34.663093045113555	5.8740761674640725	2850.442522193236	10.76083502079736	0	811.4828640138281	6.510777885425689	36.43266907442507	6.215842292024084	3000.44683024082	12.650674536656668	0	834.9113583343704	6.386658338777465	37.48401123596095	6.35116126614057	3084.9448905321597	9.847874227154849	0	668.104603115436	5.583974335254221	29.98356056936863	5.144079053024099	2471.5634768687105	11.166659125147575	0	685.2884455600185	6.084650141285588	30.5553125165567	5.463596427857705	2535.2606334567063	14.860058040246045	0	154.7371967573661	2.019240162231559	6.872724161921187	1.2777550049786415	573.980764829228	13.489772636813154	0	783.3005041769791	6.710596320301507	35.42783831745991	5.834568303737502	2900.1856588059036	9.523493284938825	0	20.96221785015443	51.855975769543704	37.527184095452895	6.52622252993612	2779.090844885355	9.223727820366431	.41799181547592795	1.12212	.6234000000000001	.77925	.3673100000000003	.12468	.6234000000000001	2.5424800000000007	.03117
13.48	769.4882544226883	6.620837556414295	34.628041404377974	5.8808880783924735	2848.395560721145	10.76083502079736	0	810.873051376726	6.480726165987861	36.39584782546399	6.223007831378948	2998.282689118216	12.650674536656668	0	834.2788842865746	6.357711145188103	37.446170202523774	6.35855594596932	3082.7134777363112	9.847874227154849	0	667.6020663375141	5.557901157823196	29.95325655620053	5.149962898946322	2469.778344768138	11.166963145270774	0	684.7719298195169	6.055792812734575	30.524379656110007	5.4695179887437195	2533.42408695392	14.860058040246045	0	154.62207661217818	2.0088293988362107	6.865857043768999	1.2789613489042126	573.5631803451573	13.489772636813154	0	782.7229422095753	6.678483935282597	35.39202964678689	5.841577044666722	2898.1098481676977	9.523568200518893	0	20.946730630019328	51.8379837185073	37.507247096142954	6.53469690736826	2777.891573814697	9.223727820366431	.41799181547592795	1.12212	.6234000000000001	.77925	.3673000000000003	.12468	.6234000000000001	2.5424600000000006	.03117
13.5	768.9175656393755	6.5894405483270155	34.59301974529802	5.887689553718364	2846.3504198808673	10.76083502079736	0	810.2639739498766	6.450845430347951	36.359057679346705	6.230162325485277	2996.1205606049316	12.650674536656668	0	833.6472068368976	6.328926681556833	37.4083608275964	6.365939256569145	3080.484196756624	9.847874227154849	0	667.1001371829377	5.531978872085005	29.922978126004104	5.1558376083088655	2467.9948904500743	11.167267181948748	0	684.256046164713	6.027102302587932	30.493472874606365	5.475430062871504	2531.5893113481466	14.860058040246045	0	154.50709169758167	1.9984806216838058	6.858996235943995	1.280165147887464	573.1460117953986	13.489772636813154	0	782.1459882686025	6.646565356111004	35.356251841811115	5.848575252701517	2896.0358121053164	9.5236431172776	0	20.931260826413126	51.82003748973794	37.4872992386291	6.543165535991288	2776.692250214137	9.223727820366431	.41799181547592795	1.12212	.6234000000000001	.77925	.3672900000000003	.12468	.6234000000000001	2.5424400000000005	.03117
13.52	768.3475101733162	6.55822710357187	34.55802805347585	5.894480594468024	2844.3070950813053	10.76083502079736	0	809.655628039861	6.4211349651874015	36.32229862561577	6.237305775822854	2993.9604389960655	12.650674536656668	0	833.0163216436532	6.300304446901592	37.370583103424835	6.37331119975171	3078.257041054251	9.847874227154849	0	666.5988125087224	5.506206911938091	29.892725271194422	5.161703182041509	2466.213109055654	11.167571235182846	0	683.7407917713444	5.998577737027715	30.462592166625267	5.481332651556965	2529.7563014626194	14.860058040246045	0	154.3922413785035	1.9881935064327756	6.852141739354593	1.2813664000220941	572.7292579000919	13.489772636813154	0	781.5696382543591	6.614840344394462	35.32050488462675	5.85556292782581	2893.9635460445675	9.523718035214978	0	20.915808364075808	51.80213684113971	37.46734057238093	6.551628408718591	2775.4928750933204	9.223727820366431	.41799181547592795	1.12212	.6234000000000001	.77925	.3672800000000003	.12468	.6234000000000001	2.542420000000001	.03117
13.54	767.7780849590963	6.52719640518824	34.52306631457333	5.901261201614032	2842.265581740689	10.76083502079736	0	809.0480099377343	6.3915940813828875	36.2855706538472	6.244438183798736	2991.8023186012897	12.650674536656668	0	832.3862243337257	6.271843972619638	37.3328370222756	6.380671777238817	3076.032004100413	9.847874227154849	0	666.0980891511396	5.480584738891535	29.862497984224184	5.167559620997374	2464.432995738467	11.167875304974421	0	683.2261638167424	5.970218256828441	30.43173752673071	5.487225756064674	2527.925052145334	14.860058040246045	0	154.27752502267134	1.977967731660691	6.845293554903913	1.2825651033981376	572.312917387167	13.489772636813154	0	780.9938879620945	6.583308735604953	35.28478875748518	5.862540069915617	2891.8930453761373	9.52379295433105	0	20.900373168081764	51.78428153226628	37.447371146791355	6.560085518476856	2774.293449460766	9.223727820366431	.41799181547592795	1.12212	.6234000000000001	.77925	.3672700000000003	.12468	.6234000000000001	2.5424000000000007	.03117
13.56	767.2092869110364	6.496347663973404	34.48813451431293	5.908031376074407	2840.2258752857315	10.76083502079736	0	808.4411159177114	6.362222114541084	36.24887375365236	6.251559550746105	2989.646193743982	12.650674536656668	0	831.7569105008164	6.243544823295332	37.29512257643844	6.388020990660917	3073.8090793753067	9.847874227154849	0	665.5979639244312	5.455111842699233	29.83229625758584	5.173406925951559	2462.65454566382	11.168179391324825	0	682.7121594791744	5.942023017609953	30.40090894947282	5.4931093776073645	2526.095558268514	14.860058040246045	0	154.1629420004639	1.9678029789512965	6.838451683490026	1.2837612561020968	571.8969889922605	13.489772636813154	0	780.4187330782862	6.551970440935343	35.24910344279689	5.86950667873651	2889.8243054537948	9.523867874625848	0	20.884955163829268	51.76647132432481	37.42739101117668	6.568536858206003	2773.0939743238755	9.223727820366431	.41799181547592795	1.12212	.6234000000000001	.77925	.3672600000000003	.12468	.6234000000000001	2.5423800000000005	.03117
13.58	766.641112921766	6.465680119065028	34.4532326384786	5.914791118711741	2838.1879711507872	10.76083502079736	0	807.8349422358524	6.333018425533445	36.21220791467993	6.258669877923106	2987.4920587603624	12.650674536656668	0	831.1283757036897	6.2154065975079416	37.25743975822917	6.395358841555622	3071.5882603670143	9.847874227154849	0	665.098433619524	5.429787741994093	29.8021200838137	5.17924509759977	2460.8777540080023	11.168483494235414	0	682.1987759371858	5.913991190090311	30.370106429389477	5.498983517345422	2524.267814728082	14.860058040246045	0	154.04849168476153	1.95769893298155	6.831616126006215	1.2849548562170736	571.4814714586335	13.489772636813154	0	779.8441691769167	6.520825449156056	35.21344892313344	5.8764627539410625	2887.757321592594	9.523942796099398	0	20.869554277029955	51.74870598018005	37.40740021477669	6.5769824208591245	2771.894450688941	9.223727820366431	.41799181547592795	1.12212	.6234000000000001	.77925	.3672500000000003	.12468	.6234000000000001	2.5423600000000004	.03117
13.6	766.0735598607962	6.435193038523625	34.4183606729166	5.921540430332329	2836.151864777006	10.76083502079736	0	807.2294851287488	6.303982401030957	36.175573126617806	6.265769166511696	2985.339907998623	12.650674536656668	0	830.5006154644194	6.187428928639403	37.21978855999243	6.402685331366217	3069.3695405704098	9.847874227154849	0	664.5994950027443	5.4046119849222	29.771969455486072	5.185074136556963	2459.1026159575495	11.168787613707536	0	681.6860103689432	5.886121960338643	30.339329961007913	5.504848176386385	2522.4418164431286	14.860058040246045	0	153.93417345079652	1.9476552816086512	6.824786883341216	1.2861459018229007	571.066363537088	13.489772636813154	0	779.2701917157502	6.4898738284716915	35.177825181229316	5.883408295066318	2885.6920890670763	9.524017718751725	0	20.854170433698297	51.730985264358175	37.38739880675466	6.585422199402421	2770.6948795611556	9.223727820366431	.41799181547592795	1.12212	.6234000000000001	.77925	.3672400000000003	.12468	.6234000000000001	2.5423400000000007	.03117
13.62	765.5066245730939	6.404885719915061	34.38351860353635	5.928279311685307	2834.1175516114913	10.76083502079736	0	806.6247408122086	6.275113454038922	36.138969379195046	6.272857417616488	2983.1897358180636	12.650674536656668	0	829.8736252666351	6.159611485682128	37.18216897410446	6.410000461440167	3067.152913486067	9.847874227154849	0	664.1011448145316	5.379584149777011	29.741844365227337	5.190894043355973	2457.3291267085074	11.169091749742547	0	681.1738599515755	5.858414530028041	30.308579538846352	5.5107033557844405	2520.61755835538	14.860058040246045	0	153.8199866760036	1.937671715957082	6.817963956379483	1.2873343909962727	570.6516639858858	13.489772636813154	0	778.6967960326098	6.459115728377697	35.14223219998388	5.890343301531238	2883.628603109471	9.524092642582863	0	20.83880356014108	51.7133089430509	37.36738683619746	6.593856186815138	2769.495261944622	9.223727820366431	.41799181547592795	1.12212	.6234000000000001	.77925	.3672300000000003	.12468	.6234000000000001	2.5423200000000006	.03117
13.64	764.9403038776546	6.37475749089302	34.34870641631137	5.935007763461781	2832.085027106455	10.76083502079736	0	806.0207054799429	6.24641102443172	36.10239666218379	6.279934632263596	2981.041536588225	12.650674536656668	0	829.2474005537679	6.131953974046781	37.144580992975875	6.417304233027634	3064.9383726191686	9.847874227154849	0	663.6033797681538	5.354703845633531	29.711744805710094	5.196704818446151	2455.5572814656953	11.1693959023418	0	680.6623218605173	5.830868116688417	30.277855157415623	5.516549056539921	2518.7950354286677	14.860058040246045	0	153.70593073987015	1.9277479305056384	6.811147346001432	1.2885203218108783	570.2373715706641	13.489772636813154	0	778.1239773416537	6.428551381517004	35.106669962463286	5.897267772634162	2881.5668589079005	9.524167567592835	0	20.823453582946875	51.69567678411936	37.3473643521156	6.602284376089503	2768.2955988423605	9.223727820366431	.41799181547592795	1.12212	.6234000000000001	.77925	.3672200000000003	.12468	.6234000000000001	2.5423000000000004	.03117
13.66	764.3745945660771	6.344807709781505	34.31392409728007	5.941725786293965	2830.054286718376	10.76083502079736	0	805.4173753022507	6.2178745794875905	36.06585496540118	6.287000811399476	2978.8953046880238	12.650674536656668	0	828.621936727297	6.1044561363700796	37.10702460905447	6.424596647279983	3062.7259114784133	9.847874227154849	0	663.106196548421	5.329970712982506	29.681670769657266	5.202506462191998	2453.7870754419723	11.169700071506647	0	680.1513932688504	5.803481953959397	30.247156811220783	5.522385279598793	2516.9742426483986	14.860058040246045	0	153.59200502378687	1.9178836231744698	6.8043370530836995	1.2897036923375311	569.8234850643544	13.489772636813154	0	777.5517307296534	6.398181105536691	35.07113845190237	5.904181707550261	2879.5068516045826	9.524242493781669	0	20.808120428975524	51.67808855709815	37.327331403443296	6.6107067602306575	2767.0958912563196	9.223727820366431	.41799181547592795	1.12212	.6234000000000001	.77925	.3672100000000003	.12468	.6234000000000001	2.5422800000000008	.03117
13.68	763.8094934011358	6.3150357661573	34.27917163254664	5.948433380754311	2828.025325907154	10.76083502079736	0	804.8147464247053	6.189503614423385	36.02934427871127	6.294055955889776	2976.7510345048827	12.650674536656668	0	827.997229144996	6.077117753322564	37.06949981482798	6.431877705248295	3060.5155235749235	9.847874227154849	0	662.6095918104006	5.305384424364593	29.651622249844213	5.208298974871801	2452.018503857499	11.17000425723844	0	679.6410713466464	5.77625529184318	30.21648449476272	5.528212025852164	2515.1551750210233	14.860058040246045	0	153.47820891089805	1.9080784954121086	6.797533078499392	1.2908845006443017	569.4100032470983	13.489772636813154	0	776.9800511522692	6.368005304944613	35.035637651706594	5.911085105328999	2877.448576294031	9.524317421149396	0	20.792804025347614	51.660544033199294	37.307288039038525	6.619123332256602	2765.8961401873844	9.223727820366431	.41799181547592795	1.12212	.6234000000000001	.77925	.3672000000000003	.12468	.6234000000000001	2.5422600000000006	.03117
13.7	763.2449971153547	6.285441081432463	34.24444900828192	5.955130547354647	2825.9981401352693	10.76083502079736	0	804.2128149668399	6.161297652929351	35.99286459202701	6.301100066518179	2974.6087204338664	12.650674536656668	0	827.3732731191786	6.049938644416397	37.03200660282687	6.4391474078818804	3058.3072024211538	9.847874227154849	0	662.1135621781307	5.280944685004551	29.621599239100846	5.214082356676269	2450.2515619390033	11.170308459538537	0	679.1313532603091	5.749187396957414	30.185838202539795	5.53402929613577	2513.3378275735045	14.860058040246045	0	153.3645417859519	1.8983322522825095	6.790735423118341	1.2920627447966484	568.9969249061666	13.489772636813154	0	776.408933430328	6.338024472966066	35.00016754545393	5.917977964891582	2875.3920280212587	9.524392349696042	0	20.77750429943395	51.64304298531619	37.28723430768311	6.627534085198123	2764.696346635385	9.223727820366431	.41799181547592795	1.12212	.6234000000000001	.77925	.3671900000000003	.12468	.6234000000000001	2.5422400000000005	.03117
13.72	762.6811024095813	6.256023109436807	34.20975621072425	5.961817286545306	2823.9727248669337	10.76083502079736	0	803.6115770208334	6.133256247703892	35.9564158953121	6.308133143985246	2972.4683568768155	12.650674536656668	0	826.7500639149454	6.022918668813144	36.99454496562711	6.446405756026785	3056.100941529797	9.847874227154849	0	661.6181042433351	5.256651233445417	29.591601730313734	5.2198566077071655	2448.486244919043	11.17061267840829	0	678.6222361719166	5.722277552788074	30.15521792904945	5.5398370912294785	2511.5221953527866	14.860058040246045	0	153.2510030351512	1.888644602552082	6.783944087807354	1.2932384228575493	568.5842488358746	13.489772636813154	0	775.8383722460998	6.308239193400428	34.964728116896794	5.924860285028422	2873.337201779981	9.524467279421632	0	20.762221178845024	51.62558518802766	37.26717025808274	6.635939012098739	2763.4965115991063	9.223727820366431	.41799181547592795	1.12212	.6234000000000001	.77925	.3671800000000003	.12468	.6234000000000001	2.542220000000001	.03117
13.74	762.1178059515596	6.2267813370003875	34.17509322618035	5.96849359871426	2821.949075567254	10.76083502079736	0	803.0110286501957	6.105378980988351	35.919998178582965	6.315155188907259	2970.329938241479	12.650674536656668	0	826.1275967484297	5.996057726131575	36.95711489585296	6.453652750424302	3053.896734412697	9.847874227154849	0	661.1232145641383	5.232503842182702	29.561629716428243	5.225621727975943	2446.722548035272	11.17091691384905	0	678.1137172385637	5.6955250599423435	30.124623668789823	5.5456354118567734	2509.7082734252654	14.860058040246045	0	153.1375920460035	1.8790152587767297	6.77715907343047	1.2944115328876338	568.1719738375015	13.489772636813154	0	775.2683621395747	6.278650142477815	34.92931934996397	5.931732064396584	2871.2840925108185	9.5245422103262	0	20.74695459142052	51.60817041760183	37.24709593886708	6.6443381060146285	2762.296636076297	9.223727820366431	.41799181547592795	1.12212	.6234000000000001	.77925	.3671700000000003	.12468	.6234000000000001	2.5422000000000007	.03117
13.76	761.555104374504	6.197715284535973	34.14046004102618	5.975159484186256	2819.927187701383	10.76083502079736	0	802.4111658884542	6.077665465101765	35.883611431910666	6.3221662018150715	2968.1934589406474	12.650674536656668	0	825.505866785044	5.969355757255431	36.91971638617975	6.460888391709491	3051.6945745797493	9.847874227154849	0	660.6288896637785	5.208502318298558	29.531683190450618	5.231377717402382	2444.9604665297024	11.171221165862173	0	677.605793611704	5.668929236401472	30.094055416261376	5.551424258684265	2507.8960568762554	14.860058040246045	0	153.02430820717163	1.8694439373888796	6.770380380849211	1.2955820729453134	567.7600987192061	13.489772636813154	0	774.69889750474	6.249258090715724	34.89394122876249	5.938593301517256	2869.2326950994966	9.524617142409769	0	20.73170446521875	51.59079845200023	37.2270113985898	6.652731360014572	2761.096721063678	9.223727820366431	.41799181547592795	1.12212	.6234000000000001	.77925	.3671600000000003	.12468	.6234000000000001	2.5421800000000006	.03117
13.78	760.9930060004357	6.168818133922946	34.105856632155174	5.98181495294457	2817.90706205303	10.76083502079736	0	801.811997654709	6.050108805249438	35.847255630453965	6.329166197354194	2966.0589198587204	12.650674536656668	0	824.8848889098623	5.9428027373400125	36.882349408906556	6.468112699412068	3049.494465478476	9.847874227154849	0	660.1351390540119	5.18463880453119	29.50176212680719	5.237124593689426	2443.200001061814	11.171525434449014	0	677.098466836424	5.642486835213845	30.06351315925819	5.557203638113749	2506.08554274405	14.860058040246045	0	152.91115146058806	1.8599299358121677	6.7636080079767025	1.2967500430138073	567.3486224122848	13.489772636813154	0	774.1300134758113	6.220041403703231	34.85859370758028	5.945444025355195	2867.183022698318	9.524692075672366	0	20.716470777530773	51.5734689780952	37.206916685753455	6.661118767242278	2759.8967675012427	9.223727820366431	.41799181547592795	1.12212	.6234000000000001	.77925	.3671500000000003	.12468	.6234000000000001	2.5421600000000004	.03117
13.8	760.4315531777262	6.140064587308024	34.07128294877875	5.988460043154461	2815.888714858484	10.76083502079736	0	801.2135703625876	6.022683143851985	35.81093070594136	6.336155231340997	2963.9263406731206	12.650674536656668	0	824.2647353973431	5.916359608946128	36.845013877033914	6.475325748159814	3047.296439432676	9.847874227154849	0	659.6420100495191	5.1608831100742885	29.471866445826443	5.242862426381014	2441.441168022715	11.171829719610928	0	676.5917512338915	5.616187124245612	30.032996866084538	5.562973573318186	2504.2767337053274	14.860058040246045	0	152.79812335352364	1.850471326667267	6.756841944164719	1.2979154486725482	566.9375441927486	13.489772636813154	0	773.561863830365	6.190913173091083	34.823276653731	5.95228435358351	2865.1351416353305	9.524767010114022	0	20.70125364827549	51.55618141488963	37.18681184885679	6.6695003210351915	2758.696776166122	9.223727820366431	.41799181547592795	1.12212	.6234000000000001	.77925	.3671400000000003	.12468	.6234000000000001	2.5421400000000007	.03117
13.82	759.8706997733625	6.111477452892941	34.03673901223765	5.995094719575414	2813.8721222264476	10.76083502079736	0	800.6158329568806	5.995411970577937	35.774636703075316	6.343133252379719	2961.795692278379	12.650674536656668	0	823.6453293202097	5.890062849459307	36.807709857730686	6.482527469130424	3045.1004537762615	9.847874227154849	0	659.1494516780282	5.137263160191124	29.441996208532025	5.248591150081006	2439.6839429677925	11.172134021349265	0	676.0856279279687	5.59003887033575	30.00250655566936	5.568734043717437	2502.4696178610407	14.860058040246045	0	152.6852212681016	1.841069377289815	6.750082200986624	1.299078280964145	566.5268624656633	13.489772636813154	0	772.9942937465132	6.161956321129673	34.78799016100384	5.959114173044721	2863.088979961711	9.524841945734766	0	20.68605282775508	51.53893588300128	37.166696936135665	6.677876014272537	2757.496748254679	9.223727820366431	.41799181547592795	1.12212	.6234000000000001	.77925	.3671300000000003	.12468	.6234000000000001	2.5421200000000006	.03117
13.84	759.3104438586635	6.083055526776448	34.00222480789757	6.001718983589501	2811.85728033541	10.76083502079736	0	800.0187830902411	5.968294136548778	35.738373610134126	6.350100262574362	2959.666969976113	12.650674536656668	0	823.026668305584	5.863911215322197	36.77043734113288	6.489717865096823	3042.906503348902	9.847874227154849	0	658.6574620772053	5.113777862190415	29.412151405665956	5.254310766753777	2437.9283218835344	11.172438339665383	0	675.5800946378279	5.5640411131609815	29.972042221628318	5.5744850505313215	2500.6641906293044	14.860058040246045	0	152.57244467102566	1.8317237631116225	6.743328778896749	1.300238538200842	566.1165760816638	13.489772636813154	0	772.427302543807	6.13316896173559	34.75273421016859	5.965933485839548	2861.044534811226	9.524916882534622	0	20.670868251447512	51.521732154618164	37.1465719958438	6.686245840081325	2756.2966847520574	9.223727820366431	.41799181547592795	1.12212	.6234000000000001	.77925	.3671200000000003	.12468	.6234000000000001	2.5421000000000005	.03117
13.86	758.7507835546725	6.054797591881658	33.96774032112332	6.008332836587017	2809.8441854011508	10.76083502079736	0	799.4224184794458	5.9413284746804935	35.7021414153437	6.357056264048407	2957.5401691190555	12.650674536656668	0	822.408750075208	5.837903430277491	36.733196317282264	6.496896938866357	3040.7145830603426	9.847874227154849	0	658.1660394449218	5.090426101125665	29.38233202789641	5.260021278404537	2436.174300799305	11.172742674560638	0	675.0751491080059	5.538192890907213	29.941603857535195	5.580226594965408	2498.860447459578	14.860058040246045	0	152.45979303371138	1.8224341605794276	6.736581678325213	1.301396218708341	565.706683898759	13.489772636813154	0	771.8608896958876	6.104549137015776	34.71750878194905	5.972742294158469	2859.0018033965803	9.52499182051362	0	20.655699855378913	51.50457000291831	37.12643707615943	6.694609791601334	2755.096586641986	9.223727820366431	.41799181547592795	1.12212	.6234000000000001	.77925	.36711000000000027	.12468	.6234000000000001	2.542080000000001	.03117
13.88	758.1917170329981	6.026702417305997	33.933285537277825	6.014936279967495	2807.8328336769246	10.76083502079736	0	798.8267369065796	5.914513798953898	35.66594010687655	6.364001258946409	2955.415285111446	12.650674536656668	0	821.7915724475142	5.81203818424012	36.69598677612515	6.504064693282984	3038.5246878912367	9.847874227154849	0	657.6751820404868	5.067206738940196	29.35253806581623	5.265722687081415	2434.421875787656	11.173047026036382	0	674.570789108598	5.512493240022919	29.911191456922207	5.585958678211631	2497.058383832509	14.860058040246045	0	152.3472658322433	1.8132002471601218	6.729840899677602	1.302551320826308	565.2971847822711	13.489772636813154	0	771.2950548346724	6.076094814772298	34.682313857019146	5.9795406002851	2856.96078301116	9.525066759671788	0	20.640547576122504	51.487449202055835	37.10629222518538	6.702967861985062	2753.8964549067746	9.223727820366431	.41799181547592795	1.12212	.6234000000000001	.77925	.3671000000000003	.12468	.6234000000000001	2.5420600000000007	.03117
13.9	757.6332425166556	5.998768757671167	33.898860441721155	6.021529315140718	2805.823221453648	10.76083502079736	0	798.2317362202191	5.887848903684965	35.62976967285086	6.370935249435581	2953.2923134094103	12.650674536656668	0	821.1751333396961	5.7863141321694735	36.65880870751127	6.511221131229462	3036.3368128939724	9.847874227154849	0	657.1848881858816	5.044118613612183	29.322769509941438	5.271414994877561	2432.671042964639	11.17335139409397	0	674.0670124354506	5.486941194972539	29.88080501328034	5.5916813014489	2495.257995259773	14.860058040246045	0	152.2348625473323	1.804021701345983	6.723106443334654	1.3037038429088743	564.888077604776	13.489772636813154	0	770.7297977545396	6.0478038860071335	34.64714941599906	5.986328406599556	2854.9214710307815	9.52514170000915	0	20.62541135079757	51.470369527146964	37.08613749094912	6.711320044397672	2752.6962905273135	9.223727820366431	.41799181547592795	1.12212	.6234000000000001	.77925	.3670900000000003	.12468	.6234000000000001	2.5420400000000005	.03117
13.92	757.0753582809084	5.970995352473089	33.864465019809515	6.028111943527733	2803.8153450600817	10.76083502079736	0	797.6374143366164	5.861332562795139	35.593630101329516	6.377858237707396	2951.171249521347	12.650674536656668	0	820.559430769778	5.760729892941587	36.62166210119254	6.518366255629532	3034.150953193506	9.847874227154849	0	656.6951562669927	5.021160538299674	29.293026350709738	5.277098203933234	2430.9217984901147	11.17365577873476	0	673.5638169103548	5.4615357879898525	29.850444520059646	5.5973944658437285	2493.4592772839205	14.860058040246045	0	152.12258266427276	1.7948982026598994	6.71637830965194	1.304853783325144	564.4793612460422	13.489772636813154	0	770.1651184165136	6.019674162426932	34.612015439451305	5.993105715581829	2852.8838649154354	9.52521664152574	0	20.61029111706842	51.45333075425606	37.06597292140285	6.719666332016942	2751.4960944830714	9.223727820366431	.41799181547592795	1.12212	.6234000000000001	.77925	.3670800000000003	.12468	.6234000000000001	2.5420200000000004	.03117
13.94	756.5180626541087	5.943380925431869	33.83009925689428	6.03468416656187	2801.8092008630197	10.76083502079736	0	797.0437692408834	5.834963529081674	35.55752138031909	6.38477022597917	2949.052089008311	12.650674536656668	0	819.9444628586857	5.735284048221361	36.584546946821945	6.525500069450109	3031.967103988192	9.847874227154849	0	656.2059847348455	4.998331300485627	29.263308578479023	5.282772316437896	2429.1741385680657	11.173960179960105	0	673.0612003812397	5.436276048831372	29.82010997066958	5.60309817255084	2491.662225478218	14.860058040246045	0	152.01042567289977	1.7858294316606032	6.709656498959548	1.3060011404596952	564.0710345929721	13.489772636813154	0	769.6010169524507	5.991703373947802	34.57691190787688	5.99987252981516	2850.8479622110353	9.525291584221582	0	20.59518681314334	51.43633266038166	37.045798564423556	6.728006718033215	2750.2958677520933	9.223727820366431	.41799181547592795	1.12212	.6234000000000001	.77925	.3670700000000003	.12468	.6234000000000001	2.5420000000000007	.03117
13.96	755.9613540185389	5.9159241838417485	33.795763138321014	6.041245985689747	2799.804785267471	10.76083502079736	0	796.4507989881757	5.808740533487949	35.521443497768914	6.391671216495657	2946.9348274843987	12.650674536656668	0	819.3302278323165	5.709975141334756	36.54746323395235	6.532622575703462	3029.7852605506114	9.847874227154849	0	655.7173721068373	4.975629661122938	29.233616183525886	5.288437334632301	2427.4280594469064	11.17426459777136	0	672.5591607223653	5.4111610045297365	29.789801358479323	5.60879242271379	2489.8668354464908	14.860058040246045	0	151.89839106754633	1.7768150699478962	6.702941011561766	1.3071459127130864	563.6630965395401	13.489772636813154	0	769.037493669224	5.963889166200085	34.54183880171132	6.0066288519894036	2848.813760551161	9.525366528096706	0	20.580098377773545	51.41937502344253	37.025614467813064	6.736341195649346	2749.0956113109983	9.223727820366431	.41799181547592795	1.12212	.6234000000000001	.77925	.3670600000000003	.12468	.6234000000000001	2.5419800000000006	.03117
13.98	755.405230811253	5.888623817921067	33.761456649428474	6.047797402372289	2797.802094716846	10.76083502079736	0	795.8585017048766	5.782662284373809	35.485396441570124	6.398561211530638	2944.819460617132	12.650674536656668	0	818.7167240236098	5.684801676141013	36.51041095203533	6.5397337774494035	3027.6054182284065	9.847874227154849	0	655.2293169679713	4.95305435377948	29.20394915604414	5.294093260810591	2425.6835574197953	11.174569032169885	0	672.0576958345164	5.3861896791470985	29.759518676818097	5.614477217465578	2488.0731028229698	14.860058040246045	0	151.78647834700064	1.767854800167884	6.696231847736767	1.308288098502359	563.2555459867342	13.489772636813154	0	768.4745490529093	5.9362290980331345	34.50679610132091	6.013374684904406	2846.7812576588085	9.525441473151137	0	20.565025750252158	51.40245762226366	37.00542067929814	6.744669758080649	2747.8953261349798	9.223727820366431	.41799181547592795	1.12212	.6234000000000001	.77925	.36705000000000026	.12468	.6234000000000001	2.5419600000000004	.03117
14	754.8496915249176	5.861478500162206	33.72717977554764	6.054338418085749	2795.8011256931436	10.76083502079736	0	795.266875589781	5.756727466785874	35.44938019955464	6.405440213388515	2942.705984127841	12.650674536656668	0	818.1039498746173	5.659762115904838	36.47339009041999	6.54683367779748	3025.4275724451077	9.847874227154849	0	654.7418179720898	4.930604083783119	29.1743074861433	5.299740097322387	2423.9406288249447	11.174873483157029	0	671.5568036451951	5.361361093528504	29.72926191897549	5.620152557929266	2486.2810232721295	14.860058040246045	0	151.6746870144633	1.758948306018199	6.689529007736289	1.3094276962615425	562.8483818424942	13.489772636813154	0	767.9121837729696	5.908720639020087	34.47178378699867	6.02011003147337	2844.750451348134	9.525516419384903	0	20.54996887041315	51.38558023656235	36.98521724653052	6.752992398554848	2746.695013197802	9.223727820366431	.41799181547592795	1.12212	.6234000000000001	.77925	.3670400000000003	.12468	.6234000000000001	2.5419400000000008	.03117
